,date,fremont_bridge,fremont_bridge_nb,fremont_bridge_sb
0,2023-12-31T23:00:00.000,45,15,30
1,2023-12-31T22:00:00.000,22,12,10
2,2023-12-31T21:00:00.000,20,9,11
3,2023-12-31T20:00:00.000,27,14,13
4,2023-12-31T19:00:00.000,33,14,19
5,2023-12-31T18:00:00.000,34,14,20
6,2023-12-31T17:00:00.000,30,16,14
7,2023-12-31T16:00:00.000,77,30,47
8,2023-12-31T15:00:00.000,133,65,68
9,2023-12-31T14:00:00.000,159,72,87
10,2023-12-31T13:00:00.000,147,70,77
11,2023-12-31T12:00:00.000,155,82,73
12,2023-12-31T11:00:00.000,111,58,53
13,2023-12-31T10:00:00.000,91,39,52
14,2023-12-31T09:00:00.000,73,22,51
15,2023-12-31T08:00:00.000,29,12,17
16,2023-12-31T07:00:00.000,11,6,5
17,2023-12-31T06:00:00.000,3,2,1
18,2023-12-31T05:00:00.000,3,2,1
19,2023-12-31T04:00:00.000,2,2,0
20,2023-12-31T03:00:00.000,1,1,0
21,2023-12-31T02:00:00.000,1,0,1
22,2023-12-31T01:00:00.000,0,0,0
23,2023-12-31T00:00:00.000,3,2,1
24,2023-12-30T23:00:00.000,12,4,8
25,2023-12-30T22:00:00.000,7,3,4
26,2023-12-30T21:00:00.000,17,3,14
27,2023-12-30T20:00:00.000,6,0,6
28,2023-12-30T19:00:00.000,32,12,20
29,2023-12-30T18:00:00.000,24,12,12
30,2023-12-30T17:00:00.000,32,16,16
31,2023-12-30T16:00:00.000,67,33,34
32,2023-12-30T15:00:00.000,60,23,37
33,2023-12-30T14:00:00.000,52,26,26
34,2023-12-30T13:00:00.000,57,36,21
35,2023-12-30T12:00:00.000,34,14,20
36,2023-12-30T11:00:00.000,28,15,13
37,2023-12-30T10:00:00.000,28,15,13
38,2023-12-30T09:00:00.000,31,9,22
39,2023-12-30T08:00:00.000,33,10,23
40,2023-12-30T07:00:00.000,12,2,10
41,2023-12-30T06:00:00.000,12,3,9
42,2023-12-30T05:00:00.000,3,2,1
43,2023-12-30T04:00:00.000,1,1,0
44,2023-12-30T03:00:00.000,2,0,2
45,2023-12-30T02:00:00.000,10,1,9
46,2023-12-30T01:00:00.000,7,5,2
47,2023-12-30T00:00:00.000,10,5,5
48,2023-12-29T23:00:00.000,13,9,4
49,2023-12-29T22:00:00.000,33,10,23
50,2023-12-29T21:00:00.000,16,5,11
51,2023-12-29T20:00:00.000,33,15,18
52,2023-12-29T19:00:00.000,43,21,22
53,2023-12-29T18:00:00.000,74,31,43
54,2023-12-29T17:00:00.000,81,25,56
55,2023-12-29T16:00:00.000,113,39,74
56,2023-12-29T15:00:00.000,142,52,90
57,2023-12-29T14:00:00.000,102,51,51
58,2023-12-29T13:00:00.000,100,50,50
59,2023-12-29T12:00:00.000,111,46,65
60,2023-12-29T11:00:00.000,76,33,43
61,2023-12-29T10:00:00.000,65,30,35
62,2023-12-29T09:00:00.000,56,22,34
63,2023-12-29T08:00:00.000,55,19,36
64,2023-12-29T07:00:00.000,44,11,33
65,2023-12-29T06:00:00.000,24,8,16
66,2023-12-29T05:00:00.000,9,1,8
67,2023-12-29T04:00:00.000,3,2,1
68,2023-12-29T03:00:00.000,0,0,0
69,2023-12-29T02:00:00.000,2,1,1
70,2023-12-29T01:00:00.000,2,0,2
71,2023-12-29T00:00:00.000,5,1,4
72,2023-12-28T23:00:00.000,13,6,7
73,2023-12-28T22:00:00.000,13,7,6
74,2023-12-28T21:00:00.000,25,14,11
75,2023-12-28T20:00:00.000,12,6,6
76,2023-12-28T19:00:00.000,32,8,24
77,2023-12-28T18:00:00.000,51,23,28
78,2023-12-28T17:00:00.000,84,22,62
79,2023-12-28T16:00:00.000,98,28,70
80,2023-12-28T15:00:00.000,92,37,55
81,2023-12-28T14:00:00.000,74,27,47
82,2023-12-28T13:00:00.000,68,32,36
83,2023-12-28T12:00:00.000,69,30,39
84,2023-12-28T11:00:00.000,45,25,20
85,2023-12-28T10:00:00.000,39,11,28
86,2023-12-28T09:00:00.000,52,12,40
87,2023-12-28T08:00:00.000,74,21,53
88,2023-12-28T07:00:00.000,60,27,33
89,2023-12-28T06:00:00.000,38,10,28
90,2023-12-28T05:00:00.000,12,3,9
91,2023-12-28T04:00:00.000,2,1,1
92,2023-12-28T03:00:00.000,1,1,0
93,2023-12-28T02:00:00.000,0,0,0
94,2023-12-28T01:00:00.000,3,0,3
95,2023-12-28T00:00:00.000,5,1,4
96,2023-12-27T23:00:00.000,7,3,4
97,2023-12-27T22:00:00.000,11,6,5
98,2023-12-27T21:00:00.000,17,10,7
99,2023-12-27T20:00:00.000,11,2,9
100,2023-12-27T19:00:00.000,25,11,14
101,2023-12-27T18:00:00.000,41,10,31
102,2023-12-27T17:00:00.000,84,27,57
103,2023-12-27T16:00:00.000,73,28,45
104,2023-12-27T15:00:00.000,70,29,41
105,2023-12-27T14:00:00.000,54,18,36
106,2023-12-27T13:00:00.000,38,13,25
107,2023-12-27T12:00:00.000,37,11,26
108,2023-12-27T11:00:00.000,40,19,21
109,2023-12-27T10:00:00.000,40,13,27
110,2023-12-27T09:00:00.000,75,24,51
111,2023-12-27T08:00:00.000,71,19,52
112,2023-12-27T07:00:00.000,57,26,31
113,2023-12-27T06:00:00.000,24,6,18
114,2023-12-27T05:00:00.000,9,2,7
115,2023-12-27T04:00:00.000,1,0,1
116,2023-12-27T03:00:00.000,2,2,0
117,2023-12-27T02:00:00.000,0,0,0
118,2023-12-27T01:00:00.000,5,2,3
119,2023-12-27T00:00:00.000,4,2,2
120,2023-12-26T23:00:00.000,4,2,2
121,2023-12-26T22:00:00.000,7,4,3
122,2023-12-26T21:00:00.000,15,5,10
123,2023-12-26T20:00:00.000,15,5,10
124,2023-12-26T19:00:00.000,33,10,23
125,2023-12-26T18:00:00.000,52,17,35
126,2023-12-26T17:00:00.000,77,28,49
127,2023-12-26T16:00:00.000,109,38,71
128,2023-12-26T15:00:00.000,107,50,57
129,2023-12-26T14:00:00.000,110,43,67
130,2023-12-26T13:00:00.000,110,61,49
131,2023-12-26T12:00:00.000,94,46,48
132,2023-12-26T11:00:00.000,73,39,34
133,2023-12-26T10:00:00.000,51,17,34
134,2023-12-26T09:00:00.000,55,19,36
135,2023-12-26T08:00:00.000,54,14,40
136,2023-12-26T07:00:00.000,35,15,20
137,2023-12-26T06:00:00.000,20,4,16
138,2023-12-26T05:00:00.000,9,3,6
139,2023-12-26T04:00:00.000,1,0,1
140,2023-12-26T03:00:00.000,2,2,0
141,2023-12-26T02:00:00.000,0,0,0
142,2023-12-26T01:00:00.000,0,0,0
143,2023-12-26T00:00:00.000,1,0,1
144,2023-12-25T23:00:00.000,2,0,2
145,2023-12-25T22:00:00.000,2,1,1
146,2023-12-25T21:00:00.000,4,3,1
147,2023-12-25T20:00:00.000,2,0,2
148,2023-12-25T19:00:00.000,1,0,1
149,2023-12-25T18:00:00.000,3,1,2
150,2023-12-25T17:00:00.000,6,4,2
151,2023-12-25T16:00:00.000,3,3,0
152,2023-12-25T15:00:00.000,13,6,7
153,2023-12-25T14:00:00.000,12,3,9
154,2023-12-25T13:00:00.000,6,5,1
155,2023-12-25T12:00:00.000,4,2,2
156,2023-12-25T11:00:00.000,6,4,2
157,2023-12-25T10:00:00.000,9,4,5
158,2023-12-25T09:00:00.000,7,3,4
159,2023-12-25T08:00:00.000,5,2,3
160,2023-12-25T07:00:00.000,6,2,4
161,2023-12-25T06:00:00.000,3,0,3
162,2023-12-25T05:00:00.000,3,0,3
163,2023-12-25T04:00:00.000,1,1,0
164,2023-12-25T03:00:00.000,0,0,0
165,2023-12-25T02:00:00.000,0,0,0
166,2023-12-25T01:00:00.000,3,1,2
167,2023-12-25T00:00:00.000,4,1,3
168,2023-12-24T23:00:00.000,4,1,3
169,2023-12-24T22:00:00.000,9,2,7
170,2023-12-24T21:00:00.000,1,0,1
171,2023-12-24T20:00:00.000,6,5,1
172,2023-12-24T19:00:00.000,8,6,2
173,2023-12-24T18:00:00.000,18,5,13
174,2023-12-24T17:00:00.000,12,7,5
175,2023-12-24T16:00:00.000,35,14,21
176,2023-12-24T15:00:00.000,40,19,21
177,2023-12-24T14:00:00.000,42,21,21
178,2023-12-24T13:00:00.000,60,31,29
179,2023-12-24T12:00:00.000,41,15,26
180,2023-12-24T11:00:00.000,44,26,18
181,2023-12-24T10:00:00.000,52,30,22
182,2023-12-24T09:00:00.000,31,9,22
183,2023-12-24T08:00:00.000,14,4,10
184,2023-12-24T07:00:00.000,9,3,6
185,2023-12-24T06:00:00.000,4,2,2
186,2023-12-24T05:00:00.000,0,0,0
187,2023-12-24T04:00:00.000,1,0,1
188,2023-12-24T03:00:00.000,0,0,0
189,2023-12-24T02:00:00.000,3,0,3
190,2023-12-24T01:00:00.000,5,1,4
191,2023-12-24T00:00:00.000,1,1,0
192,2023-12-23T23:00:00.000,8,6,2
193,2023-12-23T22:00:00.000,17,6,11
194,2023-12-23T21:00:00.000,23,4,19
195,2023-12-23T20:00:00.000,9,5,4
196,2023-12-23T19:00:00.000,23,5,18
197,2023-12-23T18:00:00.000,22,10,12
198,2023-12-23T17:00:00.000,42,23,19
199,2023-12-23T16:00:00.000,84,30,54
200,2023-12-23T15:00:00.000,132,55,77
201,2023-12-23T14:00:00.000,143,84,59
202,2023-12-23T13:00:00.000,121,64,57
203,2023-12-23T12:00:00.000,82,45,37
204,2023-12-23T11:00:00.000,61,32,29
205,2023-12-23T10:00:00.000,38,21,17
206,2023-12-23T09:00:00.000,30,12,18
207,2023-12-23T08:00:00.000,35,11,24
208,2023-12-23T07:00:00.000,9,2,7
209,2023-12-23T06:00:00.000,4,3,1
210,2023-12-23T05:00:00.000,3,1,2
211,2023-12-23T04:00:00.000,3,0,3
212,2023-12-23T03:00:00.000,2,0,2
213,2023-12-23T02:00:00.000,8,5,3
214,2023-12-23T01:00:00.000,3,1,2
215,2023-12-23T00:00:00.000,10,2,8
216,2023-12-22T23:00:00.000,7,3,4
217,2023-12-22T22:00:00.000,9,3,6
218,2023-12-22T21:00:00.000,6,0,6
219,2023-12-22T20:00:00.000,16,5,11
220,2023-12-22T19:00:00.000,25,11,14
221,2023-12-22T18:00:00.000,39,12,27
222,2023-12-22T17:00:00.000,51,11,40
223,2023-12-22T16:00:00.000,67,29,38
224,2023-12-22T15:00:00.000,55,19,36
225,2023-12-22T14:00:00.000,29,9,20
226,2023-12-22T13:00:00.000,24,10,14
227,2023-12-22T12:00:00.000,24,7,17
228,2023-12-22T11:00:00.000,19,8,11
229,2023-12-22T10:00:00.000,19,6,13
230,2023-12-22T09:00:00.000,32,11,21
231,2023-12-22T08:00:00.000,38,11,27
232,2023-12-22T07:00:00.000,33,12,21
233,2023-12-22T06:00:00.000,15,7,8
234,2023-12-22T05:00:00.000,8,2,6
235,2023-12-22T04:00:00.000,1,0,1
236,2023-12-22T03:00:00.000,0,0,0
237,2023-12-22T02:00:00.000,4,1,3
238,2023-12-22T01:00:00.000,4,1,3
239,2023-12-22T00:00:00.000,12,3,9
240,2023-12-21T23:00:00.000,11,5,6
241,2023-12-21T22:00:00.000,16,10,6
242,2023-12-21T21:00:00.000,29,13,16
243,2023-12-21T20:00:00.000,28,12,16
244,2023-12-21T19:00:00.000,57,18,39
245,2023-12-21T18:00:00.000,112,24,88
246,2023-12-21T17:00:00.000,198,49,149
247,2023-12-21T16:00:00.000,163,59,104
248,2023-12-21T15:00:00.000,147,44,103
249,2023-12-21T14:00:00.000,111,39,72
250,2023-12-21T13:00:00.000,78,28,50
251,2023-12-21T12:00:00.000,66,27,39
252,2023-12-21T11:00:00.000,59,23,36
253,2023-12-21T10:00:00.000,71,28,43
254,2023-12-21T09:00:00.000,121,28,93
255,2023-12-21T08:00:00.000,151,47,104
256,2023-12-21T07:00:00.000,100,39,61
257,2023-12-21T06:00:00.000,42,10,32
258,2023-12-21T05:00:00.000,12,5,7
259,2023-12-21T04:00:00.000,10,2,8
260,2023-12-21T03:00:00.000,3,2,1
261,2023-12-21T02:00:00.000,3,0,3
262,2023-12-21T01:00:00.000,5,0,5
263,2023-12-21T00:00:00.000,7,0,7
264,2023-12-20T23:00:00.000,13,8,5
265,2023-12-20T22:00:00.000,17,8,9
266,2023-12-20T21:00:00.000,30,9,21
267,2023-12-20T20:00:00.000,35,5,30
268,2023-12-20T19:00:00.000,49,9,40
269,2023-12-20T18:00:00.000,119,25,94
270,2023-12-20T17:00:00.000,212,41,171
271,2023-12-20T16:00:00.000,224,77,147
272,2023-12-20T15:00:00.000,136,49,87
273,2023-12-20T14:00:00.000,136,59,77
274,2023-12-20T13:00:00.000,99,50,49
275,2023-12-20T12:00:00.000,89,35,54
276,2023-12-20T11:00:00.000,93,36,57
277,2023-12-20T10:00:00.000,94,30,64
278,2023-12-20T09:00:00.000,133,45,88
279,2023-12-20T08:00:00.000,200,53,147
280,2023-12-20T07:00:00.000,136,49,87
281,2023-12-20T06:00:00.000,51,20,31
282,2023-12-20T05:00:00.000,15,6,9
283,2023-12-20T04:00:00.000,5,2,3
284,2023-12-20T03:00:00.000,1,1,0
285,2023-12-20T02:00:00.000,4,2,2
286,2023-12-20T01:00:00.000,2,0,2
287,2023-12-20T00:00:00.000,5,2,3
288,2023-12-19T23:00:00.000,2,1,1
289,2023-12-19T22:00:00.000,10,4,6
290,2023-12-19T21:00:00.000,18,6,12
291,2023-12-19T20:00:00.000,32,6,26
292,2023-12-19T19:00:00.000,53,13,40
293,2023-12-19T18:00:00.000,119,33,86
294,2023-12-19T17:00:00.000,182,36,146
295,2023-12-19T16:00:00.000,172,38,134
296,2023-12-19T15:00:00.000,89,24,65
297,2023-12-19T14:00:00.000,37,15,22
298,2023-12-19T13:00:00.000,30,12,18
299,2023-12-19T12:00:00.000,34,16,18
300,2023-12-19T11:00:00.000,42,18,24
301,2023-12-19T10:00:00.000,62,24,38
302,2023-12-19T09:00:00.000,116,39,77
303,2023-12-19T08:00:00.000,185,57,128
304,2023-12-19T07:00:00.000,106,42,64
305,2023-12-19T06:00:00.000,45,13,32
306,2023-12-19T05:00:00.000,19,5,14
307,2023-12-19T04:00:00.000,4,1,3
308,2023-12-19T03:00:00.000,2,0,2
309,2023-12-19T02:00:00.000,1,0,1
310,2023-12-19T01:00:00.000,2,0,2
311,2023-12-19T00:00:00.000,8,2,6
312,2023-12-18T23:00:00.000,4,3,1
313,2023-12-18T22:00:00.000,8,4,4
314,2023-12-18T21:00:00.000,19,7,12
315,2023-12-18T20:00:00.000,29,8,21
316,2023-12-18T19:00:00.000,35,9,26
317,2023-12-18T18:00:00.000,99,27,72
318,2023-12-18T17:00:00.000,163,31,132
319,2023-12-18T16:00:00.000,150,38,112
320,2023-12-18T15:00:00.000,117,29,88
321,2023-12-18T14:00:00.000,77,34,43
322,2023-12-18T13:00:00.000,46,19,27
323,2023-12-18T12:00:00.000,70,26,44
324,2023-12-18T11:00:00.000,51,27,24
325,2023-12-18T10:00:00.000,66,25,41
326,2023-12-18T09:00:00.000,108,37,71
327,2023-12-18T08:00:00.000,209,70,139
328,2023-12-18T07:00:00.000,110,42,68
329,2023-12-18T06:00:00.000,46,13,33
330,2023-12-18T05:00:00.000,17,6,11
331,2023-12-18T04:00:00.000,6,3,3
332,2023-12-18T03:00:00.000,1,0,1
333,2023-12-18T02:00:00.000,2,1,1
334,2023-12-18T01:00:00.000,2,0,2
335,2023-12-18T00:00:00.000,4,1,3
336,2023-12-17T23:00:00.000,5,3,2
337,2023-12-17T22:00:00.000,14,6,8
338,2023-12-17T21:00:00.000,12,3,9
339,2023-12-17T20:00:00.000,19,5,14
340,2023-12-17T19:00:00.000,27,9,18
341,2023-12-17T18:00:00.000,43,18,25
342,2023-12-17T17:00:00.000,60,26,34
343,2023-12-17T16:00:00.000,94,31,63
344,2023-12-17T15:00:00.000,138,54,84
345,2023-12-17T14:00:00.000,151,61,90
346,2023-12-17T13:00:00.000,157,69,88
347,2023-12-17T12:00:00.000,115,55,60
348,2023-12-17T11:00:00.000,142,83,59
349,2023-12-17T10:00:00.000,85,28,57
350,2023-12-17T09:00:00.000,58,25,33
351,2023-12-17T08:00:00.000,19,8,11
352,2023-12-17T07:00:00.000,10,4,6
353,2023-12-17T06:00:00.000,8,2,6
354,2023-12-17T05:00:00.000,2,1,1
355,2023-12-17T04:00:00.000,1,0,1
356,2023-12-17T03:00:00.000,3,1,2
357,2023-12-17T02:00:00.000,4,2,2
358,2023-12-17T01:00:00.000,4,3,1
359,2023-12-17T00:00:00.000,7,1,6
360,2023-12-16T23:00:00.000,12,6,6
361,2023-12-16T22:00:00.000,23,3,20
362,2023-12-16T21:00:00.000,31,11,20
363,2023-12-16T20:00:00.000,22,9,13
364,2023-12-16T19:00:00.000,49,20,29
365,2023-12-16T18:00:00.000,39,19,20
366,2023-12-16T17:00:00.000,67,29,38
367,2023-12-16T16:00:00.000,99,49,50
368,2023-12-16T15:00:00.000,133,62,71
369,2023-12-16T14:00:00.000,170,77,93
370,2023-12-16T13:00:00.000,142,66,76
371,2023-12-16T12:00:00.000,134,42,92
372,2023-12-16T11:00:00.000,102,44,58
373,2023-12-16T10:00:00.000,74,28,46
374,2023-12-16T09:00:00.000,53,17,36
375,2023-12-16T08:00:00.000,46,18,28
376,2023-12-16T07:00:00.000,20,6,14
377,2023-12-16T06:00:00.000,10,2,8
378,2023-12-16T05:00:00.000,3,1,2
379,2023-12-16T04:00:00.000,3,1,2
380,2023-12-16T03:00:00.000,2,1,1
381,2023-12-16T02:00:00.000,10,7,3
382,2023-12-16T01:00:00.000,6,3,3
383,2023-12-16T00:00:00.000,14,5,9
384,2023-12-15T23:00:00.000,15,1,14
385,2023-12-15T22:00:00.000,23,9,14
386,2023-12-15T21:00:00.000,30,12,18
387,2023-12-15T20:00:00.000,38,20,18
388,2023-12-15T19:00:00.000,68,25,43
389,2023-12-15T18:00:00.000,107,30,77
390,2023-12-15T17:00:00.000,194,54,140
391,2023-12-15T16:00:00.000,179,51,128
392,2023-12-15T15:00:00.000,199,75,124
393,2023-12-15T14:00:00.000,125,53,72
394,2023-12-15T13:00:00.000,120,46,74
395,2023-12-15T12:00:00.000,100,49,51
396,2023-12-15T11:00:00.000,85,36,49
397,2023-12-15T10:00:00.000,87,32,55
398,2023-12-15T09:00:00.000,155,53,102
399,2023-12-15T08:00:00.000,174,60,114
400,2023-12-15T07:00:00.000,116,49,67
401,2023-12-15T06:00:00.000,38,13,25
402,2023-12-15T05:00:00.000,17,6,11
403,2023-12-15T04:00:00.000,5,1,4
404,2023-12-15T03:00:00.000,0,0,0
405,2023-12-15T02:00:00.000,4,1,3
406,2023-12-15T01:00:00.000,4,2,2
407,2023-12-15T00:00:00.000,3,2,1
408,2023-12-14T23:00:00.000,12,4,8
409,2023-12-14T22:00:00.000,32,9,23
410,2023-12-14T21:00:00.000,41,19,22
411,2023-12-14T20:00:00.000,35,14,21
412,2023-12-14T19:00:00.000,79,21,58
413,2023-12-14T18:00:00.000,153,37,116
414,2023-12-14T17:00:00.000,267,58,209
415,2023-12-14T16:00:00.000,189,45,144
416,2023-12-14T15:00:00.000,113,34,79
417,2023-12-14T14:00:00.000,61,17,44
418,2023-12-14T13:00:00.000,59,24,35
419,2023-12-14T12:00:00.000,57,20,37
420,2023-12-14T11:00:00.000,66,21,45
421,2023-12-14T10:00:00.000,77,32,45
422,2023-12-14T09:00:00.000,134,48,86
423,2023-12-14T08:00:00.000,218,66,152
424,2023-12-14T07:00:00.000,147,62,85
425,2023-12-14T06:00:00.000,44,14,30
426,2023-12-14T05:00:00.000,9,2,7
427,2023-12-14T04:00:00.000,6,1,5
428,2023-12-14T03:00:00.000,1,0,1
429,2023-12-14T02:00:00.000,2,2,0
430,2023-12-14T01:00:00.000,3,1,2
431,2023-12-14T00:00:00.000,14,6,8
432,2023-12-13T23:00:00.000,7,3,4
433,2023-12-13T22:00:00.000,38,11,27
434,2023-12-13T21:00:00.000,48,18,30
435,2023-12-13T20:00:00.000,51,15,36
436,2023-12-13T19:00:00.000,85,27,58
437,2023-12-13T18:00:00.000,213,47,166
438,2023-12-13T17:00:00.000,316,67,249
439,2023-12-13T16:00:00.000,280,80,200
440,2023-12-13T15:00:00.000,165,47,118
441,2023-12-13T14:00:00.000,123,49,74
442,2023-12-13T13:00:00.000,97,33,64
443,2023-12-13T12:00:00.000,116,49,67
444,2023-12-13T11:00:00.000,85,43,42
445,2023-12-13T10:00:00.000,91,27,64
446,2023-12-13T09:00:00.000,180,53,127
447,2023-12-13T08:00:00.000,307,102,205
448,2023-12-13T07:00:00.000,200,82,118
449,2023-12-13T06:00:00.000,69,23,46
450,2023-12-13T05:00:00.000,21,8,13
451,2023-12-13T04:00:00.000,6,2,4
452,2023-12-13T03:00:00.000,1,0,1
453,2023-12-13T02:00:00.000,2,2,0
454,2023-12-13T01:00:00.000,3,0,3
455,2023-12-13T00:00:00.000,12,3,9
456,2023-12-12T23:00:00.000,13,3,10
457,2023-12-12T22:00:00.000,22,6,16
458,2023-12-12T21:00:00.000,44,15,29
459,2023-12-12T20:00:00.000,34,9,25
460,2023-12-12T19:00:00.000,91,30,61
461,2023-12-12T18:00:00.000,198,40,158
462,2023-12-12T17:00:00.000,318,66,252
463,2023-12-12T16:00:00.000,287,57,230
464,2023-12-12T15:00:00.000,172,52,120
465,2023-12-12T14:00:00.000,116,44,72
466,2023-12-12T13:00:00.000,106,53,53
467,2023-12-12T12:00:00.000,100,45,55
468,2023-12-12T11:00:00.000,94,42,52
469,2023-12-12T10:00:00.000,107,36,71
470,2023-12-12T09:00:00.000,201,61,140
471,2023-12-12T08:00:00.000,331,109,222
472,2023-12-12T07:00:00.000,188,67,121
473,2023-12-12T06:00:00.000,72,28,44
474,2023-12-12T05:00:00.000,23,8,15
475,2023-12-12T04:00:00.000,6,1,5
476,2023-12-12T03:00:00.000,1,1,0
477,2023-12-12T02:00:00.000,4,2,2
478,2023-12-12T01:00:00.000,5,0,5
479,2023-12-12T00:00:00.000,6,1,5
480,2023-12-11T23:00:00.000,8,1,7
481,2023-12-11T22:00:00.000,19,8,11
482,2023-12-11T21:00:00.000,30,13,17
483,2023-12-11T20:00:00.000,36,16,20
484,2023-12-11T19:00:00.000,79,23,56
485,2023-12-11T18:00:00.000,158,47,111
486,2023-12-11T17:00:00.000,274,50,224
487,2023-12-11T16:00:00.000,203,43,160
488,2023-12-11T15:00:00.000,137,41,96
489,2023-12-11T14:00:00.000,93,33,60
490,2023-12-11T13:00:00.000,73,26,47
491,2023-12-11T12:00:00.000,63,28,35
492,2023-12-11T11:00:00.000,67,28,39
493,2023-12-11T10:00:00.000,69,25,44
494,2023-12-11T09:00:00.000,135,36,99
495,2023-12-11T08:00:00.000,251,77,174
496,2023-12-11T07:00:00.000,179,81,98
497,2023-12-11T06:00:00.000,64,30,34
498,2023-12-11T05:00:00.000,19,8,11
499,2023-12-11T04:00:00.000,5,2,3
500,2023-12-11T03:00:00.000,2,2,0
501,2023-12-11T02:00:00.000,5,3,2
502,2023-12-11T01:00:00.000,1,0,1
503,2023-12-11T00:00:00.000,5,1,4
504,2023-12-10T23:00:00.000,4,3,1
505,2023-12-10T22:00:00.000,12,5,7
506,2023-12-10T21:00:00.000,18,11,7
507,2023-12-10T20:00:00.000,12,6,6
508,2023-12-10T19:00:00.000,23,12,11
509,2023-12-10T18:00:00.000,26,9,17
510,2023-12-10T17:00:00.000,50,18,32
511,2023-12-10T16:00:00.000,77,41,36
512,2023-12-10T15:00:00.000,119,52,67
513,2023-12-10T14:00:00.000,117,54,63
514,2023-12-10T13:00:00.000,112,51,61
515,2023-12-10T12:00:00.000,104,49,55
516,2023-12-10T11:00:00.000,112,41,71
517,2023-12-10T10:00:00.000,82,33,49
518,2023-12-10T09:00:00.000,34,15,19
519,2023-12-10T08:00:00.000,18,6,12
520,2023-12-10T07:00:00.000,8,3,5
521,2023-12-10T06:00:00.000,6,2,4
522,2023-12-10T05:00:00.000,2,1,1
523,2023-12-10T04:00:00.000,2,2,0
524,2023-12-10T03:00:00.000,1,0,1
525,2023-12-10T02:00:00.000,2,0,2
526,2023-12-10T01:00:00.000,5,2,3
527,2023-12-10T00:00:00.000,5,0,5
528,2023-12-09T23:00:00.000,11,5,6
529,2023-12-09T22:00:00.000,9,1,8
530,2023-12-09T21:00:00.000,11,5,6
531,2023-12-09T20:00:00.000,9,7,2
532,2023-12-09T19:00:00.000,15,10,5
533,2023-12-09T18:00:00.000,17,7,10
534,2023-12-09T17:00:00.000,16,11,5
535,2023-12-09T16:00:00.000,21,4,17
536,2023-12-09T15:00:00.000,25,16,9
537,2023-12-09T14:00:00.000,22,14,8
538,2023-12-09T13:00:00.000,16,7,9
539,2023-12-09T12:00:00.000,30,12,18
540,2023-12-09T11:00:00.000,48,29,19
541,2023-12-09T10:00:00.000,38,17,21
542,2023-12-09T09:00:00.000,40,16,24
543,2023-12-09T08:00:00.000,42,10,32
544,2023-12-09T07:00:00.000,18,9,9
545,2023-12-09T06:00:00.000,9,5,4
546,2023-12-09T05:00:00.000,4,2,2
547,2023-12-09T04:00:00.000,2,1,1
548,2023-12-09T03:00:00.000,2,1,1
549,2023-12-09T02:00:00.000,7,6,1
550,2023-12-09T01:00:00.000,6,2,4
551,2023-12-09T00:00:00.000,13,2,11
552,2023-12-08T23:00:00.000,22,7,15
553,2023-12-08T22:00:00.000,23,9,14
554,2023-12-08T21:00:00.000,33,9,24
555,2023-12-08T20:00:00.000,45,15,30
556,2023-12-08T19:00:00.000,70,18,52
557,2023-12-08T18:00:00.000,99,36,63
558,2023-12-08T17:00:00.000,187,58,129
559,2023-12-08T16:00:00.000,178,45,133
560,2023-12-08T15:00:00.000,159,66,93
561,2023-12-08T14:00:00.000,110,39,71
562,2023-12-08T13:00:00.000,102,40,62
563,2023-12-08T12:00:00.000,81,38,43
564,2023-12-08T11:00:00.000,60,24,36
565,2023-12-08T10:00:00.000,87,41,46
566,2023-12-08T09:00:00.000,136,38,98
567,2023-12-08T08:00:00.000,167,60,107
568,2023-12-08T07:00:00.000,108,54,54
569,2023-12-08T06:00:00.000,40,12,28
570,2023-12-08T05:00:00.000,17,8,9
571,2023-12-08T04:00:00.000,2,1,1
572,2023-12-08T03:00:00.000,2,1,1
573,2023-12-08T02:00:00.000,3,0,3
574,2023-12-08T01:00:00.000,4,1,3
575,2023-12-08T00:00:00.000,8,4,4
576,2023-12-07T23:00:00.000,17,5,12
577,2023-12-07T22:00:00.000,29,7,22
578,2023-12-07T21:00:00.000,24,10,14
579,2023-12-07T20:00:00.000,21,7,14
580,2023-12-07T19:00:00.000,76,18,58
581,2023-12-07T18:00:00.000,110,31,79
582,2023-12-07T17:00:00.000,214,47,167
583,2023-12-07T16:00:00.000,163,49,114
584,2023-12-07T15:00:00.000,70,25,45
585,2023-12-07T14:00:00.000,39,14,25
586,2023-12-07T13:00:00.000,24,10,14
587,2023-12-07T12:00:00.000,51,15,36
588,2023-12-07T11:00:00.000,38,15,23
589,2023-12-07T10:00:00.000,69,19,50
590,2023-12-07T09:00:00.000,100,33,67
591,2023-12-07T08:00:00.000,182,55,127
592,2023-12-07T07:00:00.000,112,53,59
593,2023-12-07T06:00:00.000,56,19,37
594,2023-12-07T05:00:00.000,14,5,9
595,2023-12-07T04:00:00.000,5,2,3
596,2023-12-07T03:00:00.000,1,1,0
597,2023-12-07T02:00:00.000,0,0,0
598,2023-12-07T01:00:00.000,7,1,6
599,2023-12-07T00:00:00.000,6,2,4
600,2023-12-06T23:00:00.000,4,4,0
601,2023-12-06T22:00:00.000,9,5,4
602,2023-12-06T21:00:00.000,23,6,17
603,2023-12-06T20:00:00.000,39,13,26
604,2023-12-06T19:00:00.000,63,15,48
605,2023-12-06T18:00:00.000,159,30,129
606,2023-12-06T17:00:00.000,249,41,208
607,2023-12-06T16:00:00.000,203,59,144
608,2023-12-06T15:00:00.000,109,36,73
609,2023-12-06T14:00:00.000,68,25,43
610,2023-12-06T13:00:00.000,44,9,35
611,2023-12-06T12:00:00.000,62,25,37
612,2023-12-06T11:00:00.000,54,21,33
613,2023-12-06T10:00:00.000,98,39,59
614,2023-12-06T09:00:00.000,174,55,119
615,2023-12-06T08:00:00.000,253,83,170
616,2023-12-06T07:00:00.000,132,55,77
617,2023-12-06T06:00:00.000,58,17,41
618,2023-12-06T05:00:00.000,19,10,9
619,2023-12-06T04:00:00.000,4,2,2
620,2023-12-06T03:00:00.000,1,1,0
621,2023-12-06T02:00:00.000,2,1,1
622,2023-12-06T01:00:00.000,3,0,3
623,2023-12-06T00:00:00.000,5,3,2
624,2023-12-05T23:00:00.000,6,0,6
625,2023-12-05T22:00:00.000,12,8,4
626,2023-12-05T21:00:00.000,13,7,6
627,2023-12-05T20:00:00.000,29,8,21
628,2023-12-05T19:00:00.000,48,22,26
629,2023-12-05T18:00:00.000,103,23,80
630,2023-12-05T17:00:00.000,180,25,155
631,2023-12-05T16:00:00.000,137,27,110
632,2023-12-05T15:00:00.000,74,25,49
633,2023-12-05T14:00:00.000,27,8,19
634,2023-12-05T13:00:00.000,33,9,24
635,2023-12-05T12:00:00.000,20,8,12
636,2023-12-05T11:00:00.000,33,12,21
637,2023-12-05T10:00:00.000,38,10,28
638,2023-12-05T09:00:00.000,98,29,69
639,2023-12-05T08:00:00.000,168,57,111
640,2023-12-05T07:00:00.000,116,47,69
641,2023-12-05T06:00:00.000,50,19,31
642,2023-12-05T05:00:00.000,12,4,8
643,2023-12-05T04:00:00.000,5,2,3
644,2023-12-05T03:00:00.000,2,1,1
645,2023-12-05T02:00:00.000,1,0,1
646,2023-12-05T01:00:00.000,2,0,2
647,2023-12-05T00:00:00.000,4,1,3
648,2023-12-04T23:00:00.000,5,3,2
649,2023-12-04T22:00:00.000,11,7,4
650,2023-12-04T21:00:00.000,9,4,5
651,2023-12-04T20:00:00.000,19,6,13
652,2023-12-04T19:00:00.000,42,11,31
653,2023-12-04T18:00:00.000,105,20,85
654,2023-12-04T17:00:00.000,174,32,142
655,2023-12-04T16:00:00.000,127,35,92
656,2023-12-04T15:00:00.000,57,14,43
657,2023-12-04T14:00:00.000,40,19,21
658,2023-12-04T13:00:00.000,25,5,20
659,2023-12-04T12:00:00.000,36,10,26
660,2023-12-04T11:00:00.000,20,6,14
661,2023-12-04T10:00:00.000,35,14,21
662,2023-12-04T09:00:00.000,88,24,64
663,2023-12-04T08:00:00.000,180,58,122
664,2023-12-04T07:00:00.000,127,50,77
665,2023-12-04T06:00:00.000,49,17,32
666,2023-12-04T05:00:00.000,16,7,9
667,2023-12-04T04:00:00.000,9,6,3
668,2023-12-04T03:00:00.000,2,2,0
669,2023-12-04T02:00:00.000,1,1,0
670,2023-12-04T01:00:00.000,3,0,3
671,2023-12-04T00:00:00.000,2,2,0
672,2023-12-03T23:00:00.000,12,6,6
673,2023-12-03T22:00:00.000,8,3,5
674,2023-12-03T21:00:00.000,16,9,7
675,2023-12-03T20:00:00.000,18,7,11
676,2023-12-03T19:00:00.000,19,6,13
677,2023-12-03T18:00:00.000,26,7,19
678,2023-12-03T17:00:00.000,44,24,20
679,2023-12-03T16:00:00.000,37,12,25
680,2023-12-03T15:00:00.000,49,15,34
681,2023-12-03T14:00:00.000,54,16,38
682,2023-12-03T13:00:00.000,71,36,35
683,2023-12-03T12:00:00.000,44,19,25
684,2023-12-03T11:00:00.000,56,26,30
685,2023-12-03T10:00:00.000,54,23,31
686,2023-12-03T09:00:00.000,31,12,19
687,2023-12-03T08:00:00.000,17,3,14
688,2023-12-03T07:00:00.000,7,1,6
689,2023-12-03T06:00:00.000,2,0,2
690,2023-12-03T05:00:00.000,6,4,2
691,2023-12-03T04:00:00.000,4,1,3
692,2023-12-03T03:00:00.000,0,0,0
693,2023-12-03T02:00:00.000,5,2,3
694,2023-12-03T01:00:00.000,9,4,5
695,2023-12-03T00:00:00.000,12,5,7
696,2023-12-02T23:00:00.000,12,5,7
697,2023-12-02T22:00:00.000,14,3,11
698,2023-12-02T21:00:00.000,33,4,29
699,2023-12-02T20:00:00.000,22,2,20
700,2023-12-02T19:00:00.000,46,15,31
701,2023-12-02T18:00:00.000,40,15,25
702,2023-12-02T17:00:00.000,66,23,43
703,2023-12-02T16:00:00.000,93,33,60
704,2023-12-02T15:00:00.000,154,71,83
705,2023-12-02T14:00:00.000,173,86,87
706,2023-12-02T13:00:00.000,162,74,88
707,2023-12-02T12:00:00.000,148,67,81
708,2023-12-02T11:00:00.000,132,52,80
709,2023-12-02T10:00:00.000,94,36,58
710,2023-12-02T09:00:00.000,56,35,21
711,2023-12-02T08:00:00.000,43,15,28
712,2023-12-02T07:00:00.000,16,8,8
713,2023-12-02T06:00:00.000,5,2,3
714,2023-12-02T05:00:00.000,6,3,3
715,2023-12-02T04:00:00.000,2,1,1
716,2023-12-02T03:00:00.000,1,0,1
717,2023-12-02T02:00:00.000,6,2,4
718,2023-12-02T01:00:00.000,2,2,0
719,2023-12-02T00:00:00.000,7,1,6
720,2023-12-01T23:00:00.000,16,6,10
721,2023-12-01T22:00:00.000,16,5,11
722,2023-12-01T21:00:00.000,34,8,26
723,2023-12-01T20:00:00.000,21,6,15
724,2023-12-01T19:00:00.000,39,11,28
725,2023-12-01T18:00:00.000,84,26,58
726,2023-12-01T17:00:00.000,158,41,117
727,2023-12-01T16:00:00.000,162,49,113
728,2023-12-01T15:00:00.000,123,51,72
729,2023-12-01T14:00:00.000,86,38,48
730,2023-12-01T13:00:00.000,75,32,43
731,2023-12-01T12:00:00.000,62,32,30
732,2023-12-01T11:00:00.000,44,17,27
733,2023-12-01T10:00:00.000,52,17,35
734,2023-12-01T09:00:00.000,102,32,70
735,2023-12-01T08:00:00.000,121,38,83
736,2023-12-01T07:00:00.000,82,32,50
737,2023-12-01T06:00:00.000,33,16,17
738,2023-12-01T05:00:00.000,10,3,7
739,2023-12-01T04:00:00.000,2,1,1
740,2023-12-01T03:00:00.000,1,1,0
741,2023-12-01T02:00:00.000,2,0,2
742,2023-12-01T01:00:00.000,1,0,1
743,2023-12-01T00:00:00.000,3,0,3
744,2023-11-30T23:00:00.000,9,6,3
745,2023-11-30T22:00:00.000,21,4,17
746,2023-11-30T21:00:00.000,21,11,10
747,2023-11-30T20:00:00.000,35,14,21
748,2023-11-30T19:00:00.000,67,19,48
749,2023-11-30T18:00:00.000,144,32,112
750,2023-11-30T17:00:00.000,226,44,182
751,2023-11-30T16:00:00.000,209,49,160
752,2023-11-30T15:00:00.000,113,36,77
753,2023-11-30T14:00:00.000,71,27,44
754,2023-11-30T13:00:00.000,63,24,39
755,2023-11-30T12:00:00.000,56,21,35
756,2023-11-30T11:00:00.000,70,26,44
757,2023-11-30T10:00:00.000,96,41,55
758,2023-11-30T09:00:00.000,163,42,121
759,2023-11-30T08:00:00.000,268,85,183
760,2023-11-30T07:00:00.000,149,66,83
761,2023-11-30T06:00:00.000,53,16,37
762,2023-11-30T05:00:00.000,22,7,15
763,2023-11-30T04:00:00.000,7,4,3
764,2023-11-30T03:00:00.000,1,1,0
765,2023-11-30T02:00:00.000,6,3,3
766,2023-11-30T01:00:00.000,3,2,1
767,2023-11-30T00:00:00.000,2,0,2
768,2023-11-29T23:00:00.000,5,1,4
769,2023-11-29T22:00:00.000,25,13,12
770,2023-11-29T21:00:00.000,31,14,17
771,2023-11-29T20:00:00.000,43,14,29
772,2023-11-29T19:00:00.000,74,23,51
773,2023-11-29T18:00:00.000,153,42,111
774,2023-11-29T17:00:00.000,329,70,259
775,2023-11-29T16:00:00.000,257,60,197
776,2023-11-29T15:00:00.000,172,56,116
777,2023-11-29T14:00:00.000,77,30,47
778,2023-11-29T13:00:00.000,70,27,43
779,2023-11-29T12:00:00.000,71,31,40
780,2023-11-29T11:00:00.000,89,36,53
781,2023-11-29T10:00:00.000,89,26,63
782,2023-11-29T09:00:00.000,171,52,119
783,2023-11-29T08:00:00.000,325,95,230
784,2023-11-29T07:00:00.000,184,76,108
785,2023-11-29T06:00:00.000,59,23,36
786,2023-11-29T05:00:00.000,14,5,9
787,2023-11-29T04:00:00.000,4,2,2
788,2023-11-29T03:00:00.000,1,0,1
789,2023-11-29T02:00:00.000,1,1,0
790,2023-11-29T01:00:00.000,2,0,2
791,2023-11-29T00:00:00.000,4,0,4
792,2023-11-28T23:00:00.000,12,7,5
793,2023-11-28T22:00:00.000,15,8,7
794,2023-11-28T21:00:00.000,27,10,17
795,2023-11-28T20:00:00.000,46,15,31
796,2023-11-28T19:00:00.000,76,22,54
797,2023-11-28T18:00:00.000,191,44,147
798,2023-11-28T17:00:00.000,347,72,275
799,2023-11-28T16:00:00.000,324,80,244
800,2023-11-28T15:00:00.000,171,69,102
801,2023-11-28T14:00:00.000,107,41,66
802,2023-11-28T13:00:00.000,73,35,38
803,2023-11-28T12:00:00.000,81,36,45
804,2023-11-28T11:00:00.000,70,26,44
805,2023-11-28T10:00:00.000,100,35,65
806,2023-11-28T09:00:00.000,169,57,112
807,2023-11-28T08:00:00.000,310,108,202
808,2023-11-28T07:00:00.000,200,76,124
809,2023-11-28T06:00:00.000,66,16,50
810,2023-11-28T05:00:00.000,19,4,15
811,2023-11-28T04:00:00.000,6,3,3
812,2023-11-28T03:00:00.000,3,1,2
813,2023-11-28T02:00:00.000,0,0,0
814,2023-11-28T01:00:00.000,2,0,2
815,2023-11-28T00:00:00.000,1,0,1
816,2023-11-27T23:00:00.000,11,2,9
817,2023-11-27T22:00:00.000,6,1,5
818,2023-11-27T21:00:00.000,23,14,9
819,2023-11-27T20:00:00.000,49,17,32
820,2023-11-27T19:00:00.000,60,19,41
821,2023-11-27T18:00:00.000,149,35,114
822,2023-11-27T17:00:00.000,253,52,201
823,2023-11-27T16:00:00.000,265,71,194
824,2023-11-27T15:00:00.000,164,60,104
825,2023-11-27T14:00:00.000,106,42,64
826,2023-11-27T13:00:00.000,79,37,42
827,2023-11-27T12:00:00.000,80,37,43
828,2023-11-27T11:00:00.000,68,36,32
829,2023-11-27T10:00:00.000,76,26,50
830,2023-11-27T09:00:00.000,144,54,90
831,2023-11-27T08:00:00.000,287,100,187
832,2023-11-27T07:00:00.000,165,62,103
833,2023-11-27T06:00:00.000,60,23,37
834,2023-11-27T05:00:00.000,17,11,6
835,2023-11-27T04:00:00.000,6,3,3
836,2023-11-27T03:00:00.000,2,0,2
837,2023-11-27T02:00:00.000,2,1,1
838,2023-11-27T01:00:00.000,0,0,0
839,2023-11-27T00:00:00.000,3,1,2
840,2023-11-26T23:00:00.000,10,2,8
841,2023-11-26T22:00:00.000,17,5,12
842,2023-11-26T21:00:00.000,23,8,15
843,2023-11-26T20:00:00.000,15,5,10
844,2023-11-26T19:00:00.000,20,9,11
845,2023-11-26T18:00:00.000,27,8,19
846,2023-11-26T17:00:00.000,52,23,29
847,2023-11-26T16:00:00.000,74,39,35
848,2023-11-26T15:00:00.000,169,85,84
849,2023-11-26T14:00:00.000,174,78,96
850,2023-11-26T13:00:00.000,162,72,90
851,2023-11-26T12:00:00.000,131,43,88
852,2023-11-26T11:00:00.000,123,70,53
853,2023-11-26T10:00:00.000,106,36,70
854,2023-11-26T09:00:00.000,71,36,35
855,2023-11-26T08:00:00.000,45,15,30
856,2023-11-26T07:00:00.000,26,6,20
857,2023-11-26T06:00:00.000,13,6,7
858,2023-11-26T05:00:00.000,0,0,0
859,2023-11-26T04:00:00.000,1,0,1
860,2023-11-26T03:00:00.000,1,0,1
861,2023-11-26T02:00:00.000,4,2,2
862,2023-11-26T01:00:00.000,6,1,5
863,2023-11-26T00:00:00.000,5,2,3
864,2023-11-25T23:00:00.000,13,6,7
865,2023-11-25T22:00:00.000,16,8,8
866,2023-11-25T21:00:00.000,30,8,22
867,2023-11-25T20:00:00.000,22,4,18
868,2023-11-25T19:00:00.000,39,9,30
869,2023-11-25T18:00:00.000,40,20,20
870,2023-11-25T17:00:00.000,90,45,45
871,2023-11-25T16:00:00.000,110,57,53
872,2023-11-25T15:00:00.000,146,64,82
873,2023-11-25T14:00:00.000,172,82,90
874,2023-11-25T13:00:00.000,187,85,102
875,2023-11-25T12:00:00.000,140,73,67
876,2023-11-25T11:00:00.000,107,47,60
877,2023-11-25T10:00:00.000,73,28,45
878,2023-11-25T09:00:00.000,52,22,30
879,2023-11-25T08:00:00.000,36,15,21
880,2023-11-25T07:00:00.000,17,4,13
881,2023-11-25T06:00:00.000,4,2,2
882,2023-11-25T05:00:00.000,4,2,2
883,2023-11-25T04:00:00.000,2,0,2
884,2023-11-25T03:00:00.000,1,1,0
885,2023-11-25T02:00:00.000,4,2,2
886,2023-11-25T01:00:00.000,10,6,4
887,2023-11-25T00:00:00.000,4,0,4
888,2023-11-24T23:00:00.000,10,7,3
889,2023-11-24T22:00:00.000,20,5,15
890,2023-11-24T21:00:00.000,9,4,5
891,2023-11-24T20:00:00.000,18,8,10
892,2023-11-24T19:00:00.000,39,9,30
893,2023-11-24T18:00:00.000,37,16,21
894,2023-11-24T17:00:00.000,68,20,48
895,2023-11-24T16:00:00.000,100,41,59
896,2023-11-24T15:00:00.000,146,61,85
897,2023-11-24T14:00:00.000,168,81,87
898,2023-11-24T13:00:00.000,136,53,83
899,2023-11-24T12:00:00.000,116,51,65
900,2023-11-24T11:00:00.000,80,34,46
901,2023-11-24T10:00:00.000,56,23,33
902,2023-11-24T09:00:00.000,38,9,29
903,2023-11-24T08:00:00.000,43,19,24
904,2023-11-24T07:00:00.000,28,14,14
905,2023-11-24T06:00:00.000,12,4,8
906,2023-11-24T05:00:00.000,7,3,4
907,2023-11-24T04:00:00.000,3,2,1
908,2023-11-24T03:00:00.000,1,1,0
909,2023-11-24T02:00:00.000,2,1,1
910,2023-11-24T01:00:00.000,2,0,2
911,2023-11-24T00:00:00.000,1,0,1
912,2023-11-23T23:00:00.000,4,2,2
913,2023-11-23T22:00:00.000,10,5,5
914,2023-11-23T21:00:00.000,11,4,7
915,2023-11-23T20:00:00.000,11,2,9
916,2023-11-23T19:00:00.000,10,2,8
917,2023-11-23T18:00:00.000,12,3,9
918,2023-11-23T17:00:00.000,13,4,9
919,2023-11-23T16:00:00.000,40,19,21
920,2023-11-23T15:00:00.000,58,20,38
921,2023-11-23T14:00:00.000,89,35,54
922,2023-11-23T13:00:00.000,81,40,41
923,2023-11-23T12:00:00.000,94,48,46
924,2023-11-23T11:00:00.000,97,44,53
925,2023-11-23T10:00:00.000,68,35,33
926,2023-11-23T09:00:00.000,50,26,24
927,2023-11-23T08:00:00.000,31,11,20
928,2023-11-23T07:00:00.000,10,3,7
929,2023-11-23T06:00:00.000,10,4,6
930,2023-11-23T05:00:00.000,5,3,2
931,2023-11-23T04:00:00.000,0,0,0
932,2023-11-23T03:00:00.000,2,0,2
933,2023-11-23T02:00:00.000,3,3,0
934,2023-11-23T01:00:00.000,3,3,0
935,2023-11-23T00:00:00.000,6,2,4
936,2023-11-22T23:00:00.000,18,5,13
937,2023-11-22T22:00:00.000,18,5,13
938,2023-11-22T21:00:00.000,27,10,17
939,2023-11-22T20:00:00.000,37,12,25
940,2023-11-22T19:00:00.000,46,19,27
941,2023-11-22T18:00:00.000,71,18,53
942,2023-11-22T17:00:00.000,148,42,106
943,2023-11-22T16:00:00.000,190,62,128
944,2023-11-22T15:00:00.000,175,56,119
945,2023-11-22T14:00:00.000,122,54,68
946,2023-11-22T13:00:00.000,111,41,70
947,2023-11-22T12:00:00.000,97,38,59
948,2023-11-22T11:00:00.000,72,29,43
949,2023-11-22T10:00:00.000,84,28,56
950,2023-11-22T09:00:00.000,135,53,82
951,2023-11-22T08:00:00.000,183,67,116
952,2023-11-22T07:00:00.000,112,39,73
953,2023-11-22T06:00:00.000,32,7,25
954,2023-11-22T05:00:00.000,18,8,10
955,2023-11-22T04:00:00.000,3,1,2
956,2023-11-22T03:00:00.000,0,0,0
957,2023-11-22T02:00:00.000,2,2,0
958,2023-11-22T01:00:00.000,2,0,2
959,2023-11-22T00:00:00.000,4,1,3
960,2023-11-21T23:00:00.000,15,13,2
961,2023-11-21T22:00:00.000,14,9,5
962,2023-11-21T21:00:00.000,17,6,11
963,2023-11-21T20:00:00.000,38,12,26
964,2023-11-21T19:00:00.000,64,15,49
965,2023-11-21T18:00:00.000,143,38,105
966,2023-11-21T17:00:00.000,267,53,214
967,2023-11-21T16:00:00.000,248,56,192
968,2023-11-21T15:00:00.000,172,62,110
969,2023-11-21T14:00:00.000,110,33,77
970,2023-11-21T13:00:00.000,80,30,50
971,2023-11-21T12:00:00.000,89,41,48
972,2023-11-21T11:00:00.000,90,38,52
973,2023-11-21T10:00:00.000,87,34,53
974,2023-11-21T09:00:00.000,180,50,130
975,2023-11-21T08:00:00.000,272,93,179
976,2023-11-21T07:00:00.000,186,75,111
977,2023-11-21T06:00:00.000,73,28,45
978,2023-11-21T05:00:00.000,15,9,6
979,2023-11-21T04:00:00.000,10,6,4
980,2023-11-21T03:00:00.000,1,1,0
981,2023-11-21T02:00:00.000,3,2,1
982,2023-11-21T01:00:00.000,4,2,2
983,2023-11-21T00:00:00.000,4,2,2
984,2023-11-20T23:00:00.000,8,2,6
985,2023-11-20T22:00:00.000,22,7,15
986,2023-11-20T21:00:00.000,21,11,10
987,2023-11-20T20:00:00.000,53,24,29
988,2023-11-20T19:00:00.000,57,13,44
989,2023-11-20T18:00:00.000,132,34,98
990,2023-11-20T17:00:00.000,286,63,223
991,2023-11-20T16:00:00.000,271,68,203
992,2023-11-20T15:00:00.000,165,56,109
993,2023-11-20T14:00:00.000,114,39,75
994,2023-11-20T13:00:00.000,102,38,64
995,2023-11-20T12:00:00.000,79,29,50
996,2023-11-20T11:00:00.000,71,26,45
997,2023-11-20T10:00:00.000,88,32,56
998,2023-11-20T09:00:00.000,177,60,117
999,2023-11-20T08:00:00.000,265,78,187
1000,2023-11-20T07:00:00.000,175,69,106
1001,2023-11-20T06:00:00.000,67,27,40
1002,2023-11-20T05:00:00.000,21,10,11
1003,2023-11-20T04:00:00.000,3,2,1
1004,2023-11-20T03:00:00.000,0,0,0
1005,2023-11-20T02:00:00.000,0,0,0
1006,2023-11-20T01:00:00.000,2,1,1
1007,2023-11-20T00:00:00.000,4,1,3
1008,2023-11-19T23:00:00.000,8,6,2
1009,2023-11-19T22:00:00.000,7,2,5
1010,2023-11-19T21:00:00.000,14,9,5
1011,2023-11-19T20:00:00.000,26,10,16
1012,2023-11-19T19:00:00.000,15,7,8
1013,2023-11-19T18:00:00.000,30,15,15
1014,2023-11-19T17:00:00.000,61,25,36
1015,2023-11-19T16:00:00.000,118,51,67
1016,2023-11-19T15:00:00.000,124,55,69
1017,2023-11-19T14:00:00.000,146,65,81
1018,2023-11-19T13:00:00.000,105,56,49
1019,2023-11-19T12:00:00.000,128,54,74
1020,2023-11-19T11:00:00.000,144,52,92
1021,2023-11-19T10:00:00.000,83,38,45
1022,2023-11-19T09:00:00.000,67,28,39
1023,2023-11-19T08:00:00.000,42,14,28
1024,2023-11-19T07:00:00.000,17,6,11
1025,2023-11-19T06:00:00.000,3,1,2
1026,2023-11-19T05:00:00.000,2,1,1
1027,2023-11-19T04:00:00.000,0,0,0
1028,2023-11-19T03:00:00.000,2,1,1
1029,2023-11-19T02:00:00.000,8,1,7
1030,2023-11-19T01:00:00.000,4,2,2
1031,2023-11-19T00:00:00.000,7,4,3
1032,2023-11-18T23:00:00.000,7,3,4
1033,2023-11-18T22:00:00.000,7,3,4
1034,2023-11-18T21:00:00.000,15,6,9
1035,2023-11-18T20:00:00.000,24,12,12
1036,2023-11-18T19:00:00.000,32,7,25
1037,2023-11-18T18:00:00.000,41,14,27
1038,2023-11-18T17:00:00.000,86,35,51
1039,2023-11-18T16:00:00.000,126,61,65
1040,2023-11-18T15:00:00.000,143,73,70
1041,2023-11-18T14:00:00.000,170,77,93
1042,2023-11-18T13:00:00.000,154,77,77
1043,2023-11-18T12:00:00.000,155,78,77
1044,2023-11-18T11:00:00.000,148,74,74
1045,2023-11-18T10:00:00.000,103,36,67
1046,2023-11-18T09:00:00.000,56,26,30
1047,2023-11-18T08:00:00.000,50,19,31
1048,2023-11-18T07:00:00.000,26,6,20
1049,2023-11-18T06:00:00.000,14,2,12
1050,2023-11-18T05:00:00.000,4,1,3
1051,2023-11-18T04:00:00.000,2,0,2
1052,2023-11-18T03:00:00.000,4,2,2
1053,2023-11-18T02:00:00.000,9,4,5
1054,2023-11-18T01:00:00.000,9,6,3
1055,2023-11-18T00:00:00.000,16,6,10
1056,2023-11-17T23:00:00.000,23,8,15
1057,2023-11-17T22:00:00.000,35,10,25
1058,2023-11-17T21:00:00.000,28,12,16
1059,2023-11-17T20:00:00.000,43,21,22
1060,2023-11-17T19:00:00.000,88,26,62
1061,2023-11-17T18:00:00.000,117,38,79
1062,2023-11-17T17:00:00.000,275,82,193
1063,2023-11-17T16:00:00.000,252,76,176
1064,2023-11-17T15:00:00.000,196,74,122
1065,2023-11-17T14:00:00.000,155,57,98
1066,2023-11-17T13:00:00.000,146,57,89
1067,2023-11-17T12:00:00.000,127,53,74
1068,2023-11-17T11:00:00.000,89,36,53
1069,2023-11-17T10:00:00.000,89,35,54
1070,2023-11-17T09:00:00.000,161,58,103
1071,2023-11-17T08:00:00.000,213,81,132
1072,2023-11-17T07:00:00.000,140,55,85
1073,2023-11-17T06:00:00.000,46,16,30
1074,2023-11-17T05:00:00.000,21,6,15
1075,2023-11-17T04:00:00.000,4,2,2
1076,2023-11-17T03:00:00.000,2,0,2
1077,2023-11-17T02:00:00.000,3,1,2
1078,2023-11-17T01:00:00.000,4,3,1
1079,2023-11-17T00:00:00.000,8,1,7
1080,2023-11-16T23:00:00.000,13,7,6
1081,2023-11-16T22:00:00.000,36,11,25
1082,2023-11-16T21:00:00.000,37,12,25
1083,2023-11-16T20:00:00.000,49,16,33
1084,2023-11-16T19:00:00.000,80,27,53
1085,2023-11-16T18:00:00.000,203,55,148
1086,2023-11-16T17:00:00.000,361,88,273
1087,2023-11-16T16:00:00.000,327,93,234
1088,2023-11-16T15:00:00.000,197,65,132
1089,2023-11-16T14:00:00.000,136,56,80
1090,2023-11-16T13:00:00.000,105,33,72
1091,2023-11-16T12:00:00.000,97,49,48
1092,2023-11-16T11:00:00.000,93,46,47
1093,2023-11-16T10:00:00.000,96,36,60
1094,2023-11-16T09:00:00.000,222,71,151
1095,2023-11-16T08:00:00.000,339,119,220
1096,2023-11-16T07:00:00.000,208,96,112
1097,2023-11-16T06:00:00.000,90,30,60
1098,2023-11-16T05:00:00.000,15,2,13
1099,2023-11-16T04:00:00.000,6,4,2
1100,2023-11-16T03:00:00.000,2,2,0
1101,2023-11-16T02:00:00.000,4,2,2
1102,2023-11-16T01:00:00.000,2,1,1
1103,2023-11-16T00:00:00.000,9,2,7
1104,2023-11-15T23:00:00.000,10,4,6
1105,2023-11-15T22:00:00.000,33,14,19
1106,2023-11-15T21:00:00.000,39,13,26
1107,2023-11-15T20:00:00.000,67,20,47
1108,2023-11-15T19:00:00.000,89,27,62
1109,2023-11-15T18:00:00.000,209,45,164
1110,2023-11-15T17:00:00.000,360,93,267
1111,2023-11-15T16:00:00.000,344,84,260
1112,2023-11-15T15:00:00.000,201,73,128
1113,2023-11-15T14:00:00.000,119,51,68
1114,2023-11-15T13:00:00.000,99,43,56
1115,2023-11-15T12:00:00.000,101,51,50
1116,2023-11-15T11:00:00.000,94,40,54
1117,2023-11-15T10:00:00.000,75,26,49
1118,2023-11-15T09:00:00.000,227,80,147
1119,2023-11-15T08:00:00.000,360,117,243
1120,2023-11-15T07:00:00.000,238,96,142
1121,2023-11-15T06:00:00.000,72,24,48
1122,2023-11-15T05:00:00.000,20,6,14
1123,2023-11-15T04:00:00.000,6,4,2
1124,2023-11-15T03:00:00.000,0,0,0
1125,2023-11-15T02:00:00.000,2,1,1
1126,2023-11-15T01:00:00.000,3,0,3
1127,2023-11-15T00:00:00.000,5,0,5
1128,2023-11-14T23:00:00.000,15,6,9
1129,2023-11-14T22:00:00.000,20,11,9
1130,2023-11-14T21:00:00.000,38,15,23
1131,2023-11-14T20:00:00.000,48,13,35
1132,2023-11-14T19:00:00.000,103,28,75
1133,2023-11-14T18:00:00.000,199,45,154
1134,2023-11-14T17:00:00.000,430,89,341
1135,2023-11-14T16:00:00.000,384,103,281
1136,2023-11-14T15:00:00.000,204,65,139
1137,2023-11-14T14:00:00.000,133,47,86
1138,2023-11-14T13:00:00.000,92,42,50
1139,2023-11-14T12:00:00.000,98,38,60
1140,2023-11-14T11:00:00.000,98,38,60
1141,2023-11-14T10:00:00.000,119,49,70
1142,2023-11-14T09:00:00.000,232,75,157
1143,2023-11-14T08:00:00.000,412,146,266
1144,2023-11-14T07:00:00.000,268,114,154
1145,2023-11-14T06:00:00.000,94,32,62
1146,2023-11-14T05:00:00.000,17,6,11
1147,2023-11-14T04:00:00.000,9,5,4
1148,2023-11-14T03:00:00.000,0,0,0
1149,2023-11-14T02:00:00.000,7,5,2
1150,2023-11-14T01:00:00.000,5,1,4
1151,2023-11-14T00:00:00.000,5,1,4
1152,2023-11-13T23:00:00.000,13,5,8
1153,2023-11-13T22:00:00.000,19,9,10
1154,2023-11-13T21:00:00.000,31,9,22
1155,2023-11-13T20:00:00.000,45,19,26
1156,2023-11-13T19:00:00.000,80,29,51
1157,2023-11-13T18:00:00.000,166,46,120
1158,2023-11-13T17:00:00.000,318,73,245
1159,2023-11-13T16:00:00.000,300,84,216
1160,2023-11-13T15:00:00.000,183,68,115
1161,2023-11-13T14:00:00.000,115,40,75
1162,2023-11-13T13:00:00.000,81,31,50
1163,2023-11-13T12:00:00.000,88,42,46
1164,2023-11-13T11:00:00.000,65,26,39
1165,2023-11-13T10:00:00.000,75,21,54
1166,2023-11-13T09:00:00.000,176,63,113
1167,2023-11-13T08:00:00.000,299,88,211
1168,2023-11-13T07:00:00.000,186,64,122
1169,2023-11-13T06:00:00.000,76,29,47
1170,2023-11-13T05:00:00.000,19,10,9
1171,2023-11-13T04:00:00.000,5,4,1
1172,2023-11-13T03:00:00.000,5,3,2
1173,2023-11-13T02:00:00.000,3,1,2
1174,2023-11-13T01:00:00.000,3,2,1
1175,2023-11-13T00:00:00.000,7,1,6
1176,2023-11-12T23:00:00.000,8,5,3
1177,2023-11-12T22:00:00.000,11,4,7
1178,2023-11-12T21:00:00.000,14,11,3
1179,2023-11-12T20:00:00.000,15,9,6
1180,2023-11-12T19:00:00.000,28,7,21
1181,2023-11-12T18:00:00.000,19,9,10
1182,2023-11-12T17:00:00.000,62,23,39
1183,2023-11-12T16:00:00.000,54,19,35
1184,2023-11-12T15:00:00.000,67,27,40
1185,2023-11-12T14:00:00.000,102,34,68
1186,2023-11-12T13:00:00.000,123,61,62
1187,2023-11-12T12:00:00.000,132,61,71
1188,2023-11-12T11:00:00.000,149,91,58
1189,2023-11-12T10:00:00.000,123,56,67
1190,2023-11-12T09:00:00.000,76,31,45
1191,2023-11-12T08:00:00.000,45,28,17
1192,2023-11-12T07:00:00.000,27,6,21
1193,2023-11-12T06:00:00.000,9,1,8
1194,2023-11-12T05:00:00.000,4,4,0
1195,2023-11-12T04:00:00.000,2,1,1
1196,2023-11-12T03:00:00.000,3,2,1
1197,2023-11-12T02:00:00.000,9,4,5
1198,2023-11-12T01:00:00.000,7,4,3
1199,2023-11-12T00:00:00.000,11,4,7
1200,2023-11-11T23:00:00.000,18,6,12
1201,2023-11-11T22:00:00.000,21,5,16
1202,2023-11-11T21:00:00.000,32,8,24
1203,2023-11-11T20:00:00.000,30,12,18
1204,2023-11-11T19:00:00.000,41,5,36
1205,2023-11-11T18:00:00.000,36,9,27
1206,2023-11-11T17:00:00.000,75,43,32
1207,2023-11-11T16:00:00.000,136,70,66
1208,2023-11-11T15:00:00.000,79,42,37
1209,2023-11-11T14:00:00.000,129,65,64
1210,2023-11-11T13:00:00.000,119,51,68
1211,2023-11-11T12:00:00.000,120,68,52
1212,2023-11-11T11:00:00.000,86,39,47
1213,2023-11-11T10:00:00.000,81,43,38
1214,2023-11-11T09:00:00.000,55,25,30
1215,2023-11-11T08:00:00.000,28,13,15
1216,2023-11-11T07:00:00.000,16,3,13
1217,2023-11-11T06:00:00.000,1,0,1
1218,2023-11-11T05:00:00.000,1,1,0
1219,2023-11-11T04:00:00.000,2,1,1
1220,2023-11-11T03:00:00.000,1,0,1
1221,2023-11-11T02:00:00.000,6,3,3
1222,2023-11-11T01:00:00.000,6,4,2
1223,2023-11-11T00:00:00.000,8,2,6
1224,2023-11-10T23:00:00.000,24,8,16
1225,2023-11-10T22:00:00.000,33,12,21
1226,2023-11-10T21:00:00.000,39,10,29
1227,2023-11-10T20:00:00.000,27,9,18
1228,2023-11-10T19:00:00.000,45,13,32
1229,2023-11-10T18:00:00.000,93,21,72
1230,2023-11-10T17:00:00.000,137,33,104
1231,2023-11-10T16:00:00.000,175,52,123
1232,2023-11-10T15:00:00.000,141,50,91
1233,2023-11-10T14:00:00.000,100,41,59
1234,2023-11-10T13:00:00.000,86,41,45
1235,2023-11-10T12:00:00.000,92,41,51
1236,2023-11-10T11:00:00.000,101,50,51
1237,2023-11-10T10:00:00.000,95,38,57
1238,2023-11-10T09:00:00.000,120,50,70
1239,2023-11-10T08:00:00.000,150,55,95
1240,2023-11-10T07:00:00.000,110,48,62
1241,2023-11-10T06:00:00.000,46,14,32
1242,2023-11-10T05:00:00.000,23,6,17
1243,2023-11-10T04:00:00.000,5,2,3
1244,2023-11-10T03:00:00.000,3,1,2
1245,2023-11-10T02:00:00.000,1,1,0
1246,2023-11-10T01:00:00.000,7,2,5
1247,2023-11-10T00:00:00.000,6,1,5
1248,2023-11-09T23:00:00.000,19,9,10
1249,2023-11-09T22:00:00.000,23,10,13
1250,2023-11-09T21:00:00.000,28,6,22
1251,2023-11-09T20:00:00.000,50,13,37
1252,2023-11-09T19:00:00.000,76,20,56
1253,2023-11-09T18:00:00.000,171,52,119
1254,2023-11-09T17:00:00.000,283,51,232
1255,2023-11-09T16:00:00.000,233,60,173
1256,2023-11-09T15:00:00.000,181,69,112
1257,2023-11-09T14:00:00.000,118,44,74
1258,2023-11-09T13:00:00.000,93,41,52
1259,2023-11-09T12:00:00.000,94,42,52
1260,2023-11-09T11:00:00.000,81,34,47
1261,2023-11-09T10:00:00.000,131,25,106
1262,2023-11-09T09:00:00.000,209,64,145
1263,2023-11-09T08:00:00.000,337,115,222
1264,2023-11-09T07:00:00.000,232,92,140
1265,2023-11-09T06:00:00.000,66,19,47
1266,2023-11-09T05:00:00.000,26,12,14
1267,2023-11-09T04:00:00.000,7,2,5
1268,2023-11-09T03:00:00.000,1,1,0
1269,2023-11-09T02:00:00.000,2,0,2
1270,2023-11-09T01:00:00.000,2,0,2
1271,2023-11-09T00:00:00.000,8,4,4
1272,2023-11-08T23:00:00.000,27,11,16
1273,2023-11-08T22:00:00.000,30,9,21
1274,2023-11-08T21:00:00.000,46,21,25
1275,2023-11-08T20:00:00.000,51,20,31
1276,2023-11-08T19:00:00.000,115,42,73
1277,2023-11-08T18:00:00.000,204,55,149
1278,2023-11-08T17:00:00.000,467,123,344
1279,2023-11-08T16:00:00.000,439,126,313
1280,2023-11-08T15:00:00.000,262,100,162
1281,2023-11-08T14:00:00.000,140,58,82
1282,2023-11-08T13:00:00.000,143,58,85
1283,2023-11-08T12:00:00.000,138,68,70
1284,2023-11-08T11:00:00.000,106,43,63
1285,2023-11-08T10:00:00.000,134,45,89
1286,2023-11-08T09:00:00.000,246,81,165
1287,2023-11-08T08:00:00.000,398,135,263
1288,2023-11-08T07:00:00.000,295,122,173
1289,2023-11-08T06:00:00.000,107,44,63
1290,2023-11-08T05:00:00.000,21,11,10
1291,2023-11-08T04:00:00.000,7,6,1
1292,2023-11-08T03:00:00.000,0,0,0
1293,2023-11-08T02:00:00.000,0,0,0
1294,2023-11-08T01:00:00.000,6,2,4
1295,2023-11-08T00:00:00.000,7,2,5
1296,2023-11-07T23:00:00.000,10,4,6
1297,2023-11-07T22:00:00.000,34,14,20
1298,2023-11-07T21:00:00.000,30,13,17
1299,2023-11-07T20:00:00.000,48,15,33
1300,2023-11-07T19:00:00.000,114,37,77
1301,2023-11-07T18:00:00.000,210,58,152
1302,2023-11-07T17:00:00.000,415,78,337
1303,2023-11-07T16:00:00.000,333,76,257
1304,2023-11-07T15:00:00.000,173,52,121
1305,2023-11-07T14:00:00.000,104,43,61
1306,2023-11-07T13:00:00.000,55,22,33
1307,2023-11-07T12:00:00.000,67,28,39
1308,2023-11-07T11:00:00.000,84,25,59
1309,2023-11-07T10:00:00.000,81,39,42
1310,2023-11-07T09:00:00.000,207,75,132
1311,2023-11-07T08:00:00.000,355,125,230
1312,2023-11-07T07:00:00.000,262,94,168
1313,2023-11-07T06:00:00.000,86,37,49
1314,2023-11-07T05:00:00.000,21,5,16
1315,2023-11-07T04:00:00.000,6,3,3
1316,2023-11-07T03:00:00.000,2,1,1
1317,2023-11-07T02:00:00.000,3,0,3
1318,2023-11-07T01:00:00.000,6,2,4
1319,2023-11-07T00:00:00.000,3,0,3
1320,2023-11-06T23:00:00.000,7,3,4
1321,2023-11-06T22:00:00.000,12,5,7
1322,2023-11-06T21:00:00.000,16,9,7
1323,2023-11-06T20:00:00.000,26,6,20
1324,2023-11-06T19:00:00.000,63,20,43
1325,2023-11-06T18:00:00.000,130,41,89
1326,2023-11-06T17:00:00.000,226,43,183
1327,2023-11-06T16:00:00.000,159,33,126
1328,2023-11-06T15:00:00.000,87,26,61
1329,2023-11-06T14:00:00.000,60,20,40
1330,2023-11-06T13:00:00.000,39,18,21
1331,2023-11-06T12:00:00.000,50,22,28
1332,2023-11-06T11:00:00.000,47,19,28
1333,2023-11-06T10:00:00.000,60,26,34
1334,2023-11-06T09:00:00.000,115,40,75
1335,2023-11-06T08:00:00.000,262,79,183
1336,2023-11-06T07:00:00.000,170,73,97
1337,2023-11-06T06:00:00.000,65,24,41
1338,2023-11-06T05:00:00.000,16,9,7
1339,2023-11-06T04:00:00.000,2,0,2
1340,2023-11-06T03:00:00.000,0,0,0
1341,2023-11-06T02:00:00.000,1,1,0
1342,2023-11-06T01:00:00.000,2,1,1
1343,2023-11-06T00:00:00.000,5,2,3
1344,2023-11-05T23:00:00.000,4,2,2
1345,2023-11-05T22:00:00.000,10,3,7
1346,2023-11-05T21:00:00.000,8,2,6
1347,2023-11-05T20:00:00.000,14,8,6
1348,2023-11-05T19:00:00.000,14,8,6
1349,2023-11-05T18:00:00.000,23,12,11
1350,2023-11-05T17:00:00.000,32,15,17
1351,2023-11-05T16:00:00.000,79,31,48
1352,2023-11-05T15:00:00.000,98,53,45
1353,2023-11-05T14:00:00.000,125,59,66
1354,2023-11-05T13:00:00.000,155,70,85
1355,2023-11-05T12:00:00.000,130,61,69
1356,2023-11-05T11:00:00.000,152,67,85
1357,2023-11-05T10:00:00.000,124,45,79
1358,2023-11-05T09:00:00.000,93,42,51
1359,2023-11-05T08:00:00.000,59,33,26
1360,2023-11-05T07:00:00.000,27,13,14
1361,2023-11-05T06:00:00.000,9,3,6
1362,2023-11-05T05:00:00.000,6,2,4
1363,2023-11-05T04:00:00.000,3,1,2
1364,2023-11-05T03:00:00.000,1,1,0
1365,2023-11-05T02:00:00.000,5,2,3
1366,2023-11-05T01:00:00.000,14,6,8
1367,2023-11-05T00:00:00.000,9,3,6
1368,2023-11-04T23:00:00.000,21,3,18
1369,2023-11-04T22:00:00.000,32,11,21
1370,2023-11-04T21:00:00.000,35,6,29
1371,2023-11-04T20:00:00.000,31,14,17
1372,2023-11-04T19:00:00.000,79,23,56
1373,2023-11-04T18:00:00.000,59,22,37
1374,2023-11-04T17:00:00.000,124,60,64
1375,2023-11-04T16:00:00.000,136,74,62
1376,2023-11-04T15:00:00.000,96,48,48
1377,2023-11-04T14:00:00.000,82,42,40
1378,2023-11-04T13:00:00.000,46,24,22
1379,2023-11-04T12:00:00.000,62,35,27
1380,2023-11-04T11:00:00.000,22,5,17
1381,2023-11-04T10:00:00.000,24,7,17
1382,2023-11-04T09:00:00.000,27,11,16
1383,2023-11-04T08:00:00.000,23,15,8
1384,2023-11-04T07:00:00.000,12,5,7
1385,2023-11-04T06:00:00.000,10,3,7
1386,2023-11-04T05:00:00.000,4,1,3
1387,2023-11-04T04:00:00.000,3,0,3
1388,2023-11-04T03:00:00.000,1,1,0
1389,2023-11-04T02:00:00.000,5,2,3
1390,2023-11-04T01:00:00.000,7,2,5
1391,2023-11-04T00:00:00.000,6,3,3
1392,2023-11-03T23:00:00.000,11,7,4
1393,2023-11-03T22:00:00.000,18,5,13
1394,2023-11-03T21:00:00.000,27,9,18
1395,2023-11-03T20:00:00.000,40,17,23
1396,2023-11-03T19:00:00.000,56,28,28
1397,2023-11-03T18:00:00.000,146,44,102
1398,2023-11-03T17:00:00.000,297,83,214
1399,2023-11-03T16:00:00.000,263,84,179
1400,2023-11-03T15:00:00.000,180,70,110
1401,2023-11-03T14:00:00.000,136,53,83
1402,2023-11-03T13:00:00.000,114,43,71
1403,2023-11-03T12:00:00.000,127,58,69
1404,2023-11-03T11:00:00.000,101,40,61
1405,2023-11-03T10:00:00.000,99,41,58
1406,2023-11-03T09:00:00.000,198,54,144
1407,2023-11-03T08:00:00.000,252,96,156
1408,2023-11-03T07:00:00.000,153,65,88
1409,2023-11-03T06:00:00.000,66,23,43
1410,2023-11-03T05:00:00.000,22,9,13
1411,2023-11-03T04:00:00.000,2,1,1
1412,2023-11-03T03:00:00.000,1,1,0
1413,2023-11-03T02:00:00.000,3,1,2
1414,2023-11-03T01:00:00.000,7,3,4
1415,2023-11-03T00:00:00.000,9,5,4
1416,2023-11-02T23:00:00.000,11,3,8
1417,2023-11-02T22:00:00.000,44,14,30
1418,2023-11-02T21:00:00.000,32,10,22
1419,2023-11-02T20:00:00.000,59,16,43
1420,2023-11-02T19:00:00.000,82,18,64
1421,2023-11-02T18:00:00.000,202,61,141
1422,2023-11-02T17:00:00.000,359,88,271
1423,2023-11-02T16:00:00.000,254,81,173
1424,2023-11-02T15:00:00.000,151,56,95
1425,2023-11-02T14:00:00.000,79,33,46
1426,2023-11-02T13:00:00.000,64,26,38
1427,2023-11-02T12:00:00.000,56,17,39
1428,2023-11-02T11:00:00.000,70,36,34
1429,2023-11-02T10:00:00.000,76,27,49
1430,2023-11-02T09:00:00.000,134,30,104
1431,2023-11-02T08:00:00.000,231,88,143
1432,2023-11-02T07:00:00.000,150,64,86
1433,2023-11-02T06:00:00.000,55,25,30
1434,2023-11-02T05:00:00.000,20,8,12
1435,2023-11-02T04:00:00.000,7,3,4
1436,2023-11-02T03:00:00.000,1,1,0
1437,2023-11-02T02:00:00.000,0,0,0
1438,2023-11-02T01:00:00.000,3,0,3
1439,2023-11-02T00:00:00.000,3,1,2
1440,2023-11-01T23:00:00.000,11,5,6
1441,2023-11-01T22:00:00.000,16,7,9
1442,2023-11-01T21:00:00.000,22,10,12
1443,2023-11-01T20:00:00.000,42,17,25
1444,2023-11-01T19:00:00.000,73,22,51
1445,2023-11-01T18:00:00.000,209,58,151
1446,2023-11-01T17:00:00.000,348,66,282
1447,2023-11-01T16:00:00.000,257,62,195
1448,2023-11-01T15:00:00.000,143,52,91
1449,2023-11-01T14:00:00.000,105,44,61
1450,2023-11-01T13:00:00.000,91,24,67
1451,2023-11-01T12:00:00.000,82,31,51
1452,2023-11-01T11:00:00.000,83,32,51
1453,2023-11-01T10:00:00.000,98,32,66
1454,2023-11-01T09:00:00.000,217,71,146
1455,2023-11-01T08:00:00.000,350,140,210
1456,2023-11-01T07:00:00.000,208,74,134
1457,2023-11-01T06:00:00.000,77,23,54
1458,2023-11-01T05:00:00.000,19,10,9
1459,2023-11-01T04:00:00.000,3,2,1
1460,2023-11-01T03:00:00.000,1,0,1
1461,2023-11-01T02:00:00.000,3,2,1
1462,2023-11-01T01:00:00.000,6,1,5
1463,2023-11-01T00:00:00.000,9,4,5
1464,2023-10-31T23:00:00.000,10,3,7
1465,2023-10-31T22:00:00.000,37,17,20
1466,2023-10-31T21:00:00.000,34,15,19
1467,2023-10-31T20:00:00.000,55,23,32
1468,2023-10-31T19:00:00.000,98,34,64
1469,2023-10-31T18:00:00.000,209,59,150
1470,2023-10-31T17:00:00.000,457,118,339
1471,2023-10-31T16:00:00.000,394,90,304
1472,2023-10-31T15:00:00.000,214,69,145
1473,2023-10-31T14:00:00.000,123,38,85
1474,2023-10-31T13:00:00.000,102,40,62
1475,2023-10-31T12:00:00.000,81,38,43
1476,2023-10-31T11:00:00.000,91,35,56
1477,2023-10-31T10:00:00.000,110,39,71
1478,2023-10-31T09:00:00.000,235,61,174
1479,2023-10-31T08:00:00.000,403,139,264
1480,2023-10-31T07:00:00.000,242,99,143
1481,2023-10-31T06:00:00.000,101,40,61
1482,2023-10-31T05:00:00.000,15,6,9
1483,2023-10-31T04:00:00.000,11,5,6
1484,2023-10-31T03:00:00.000,0,0,0
1485,2023-10-31T02:00:00.000,2,1,1
1486,2023-10-31T01:00:00.000,4,1,3
1487,2023-10-31T00:00:00.000,10,3,7
1488,2023-10-30T23:00:00.000,11,7,4
1489,2023-10-30T22:00:00.000,21,8,13
1490,2023-10-30T21:00:00.000,27,7,20
1491,2023-10-30T20:00:00.000,57,19,38
1492,2023-10-30T19:00:00.000,81,23,58
1493,2023-10-30T18:00:00.000,218,65,153
1494,2023-10-30T17:00:00.000,433,120,313
1495,2023-10-30T16:00:00.000,301,84,217
1496,2023-10-30T15:00:00.000,177,60,117
1497,2023-10-30T14:00:00.000,129,52,77
1498,2023-10-30T13:00:00.000,111,46,65
1499,2023-10-30T12:00:00.000,108,45,63
1500,2023-10-30T11:00:00.000,103,47,56
1501,2023-10-30T10:00:00.000,95,34,61
1502,2023-10-30T09:00:00.000,188,70,118
1503,2023-10-30T08:00:00.000,314,106,208
1504,2023-10-30T07:00:00.000,199,74,125
1505,2023-10-30T06:00:00.000,79,29,50
1506,2023-10-30T05:00:00.000,18,7,11
1507,2023-10-30T04:00:00.000,8,3,5
1508,2023-10-30T03:00:00.000,0,0,0
1509,2023-10-30T02:00:00.000,1,0,1
1510,2023-10-30T01:00:00.000,1,0,1
1511,2023-10-30T00:00:00.000,5,2,3
1512,2023-10-29T23:00:00.000,9,3,6
1513,2023-10-29T22:00:00.000,12,3,9
1514,2023-10-29T21:00:00.000,13,2,11
1515,2023-10-29T20:00:00.000,35,22,13
1516,2023-10-29T19:00:00.000,40,18,22
1517,2023-10-29T18:00:00.000,68,30,38
1518,2023-10-29T17:00:00.000,116,56,60
1519,2023-10-29T16:00:00.000,166,74,92
1520,2023-10-29T15:00:00.000,174,76,98
1521,2023-10-29T14:00:00.000,204,88,116
1522,2023-10-29T13:00:00.000,173,82,91
1523,2023-10-29T12:00:00.000,152,69,83
1524,2023-10-29T11:00:00.000,139,77,62
1525,2023-10-29T10:00:00.000,82,37,45
1526,2023-10-29T09:00:00.000,65,23,42
1527,2023-10-29T08:00:00.000,24,7,17
1528,2023-10-29T07:00:00.000,11,5,6
1529,2023-10-29T06:00:00.000,5,1,4
1530,2023-10-29T05:00:00.000,4,3,1
1531,2023-10-29T04:00:00.000,2,1,1
1532,2023-10-29T03:00:00.000,1,0,1
1533,2023-10-29T02:00:00.000,6,3,3
1534,2023-10-29T01:00:00.000,10,5,5
1535,2023-10-29T00:00:00.000,9,6,3
1536,2023-10-28T23:00:00.000,20,8,12
1537,2023-10-28T22:00:00.000,15,7,8
1538,2023-10-28T21:00:00.000,48,9,39
1539,2023-10-28T20:00:00.000,39,16,23
1540,2023-10-28T19:00:00.000,78,19,59
1541,2023-10-28T18:00:00.000,68,25,43
1542,2023-10-28T17:00:00.000,117,45,72
1543,2023-10-28T16:00:00.000,175,77,98
1544,2023-10-28T15:00:00.000,189,84,105
1545,2023-10-28T14:00:00.000,185,83,102
1546,2023-10-28T13:00:00.000,154,74,80
1547,2023-10-28T12:00:00.000,145,70,75
1548,2023-10-28T11:00:00.000,99,47,52
1549,2023-10-28T10:00:00.000,86,27,59
1550,2023-10-28T09:00:00.000,43,15,28
1551,2023-10-28T08:00:00.000,57,22,35
1552,2023-10-28T07:00:00.000,21,3,18
1553,2023-10-28T06:00:00.000,8,1,7
1554,2023-10-28T05:00:00.000,2,1,1
1555,2023-10-28T04:00:00.000,1,0,1
1556,2023-10-28T03:00:00.000,4,3,1
1557,2023-10-28T02:00:00.000,7,3,4
1558,2023-10-28T01:00:00.000,9,4,5
1559,2023-10-28T00:00:00.000,10,4,6
1560,2023-10-27T23:00:00.000,15,6,9
1561,2023-10-27T22:00:00.000,30,10,20
1562,2023-10-27T21:00:00.000,33,14,19
1563,2023-10-27T20:00:00.000,49,17,32
1564,2023-10-27T19:00:00.000,55,17,38
1565,2023-10-27T18:00:00.000,168,60,108
1566,2023-10-27T17:00:00.000,299,77,222
1567,2023-10-27T16:00:00.000,262,91,171
1568,2023-10-27T15:00:00.000,209,84,125
1569,2023-10-27T14:00:00.000,139,62,77
1570,2023-10-27T13:00:00.000,97,45,52
1571,2023-10-27T12:00:00.000,106,59,47
1572,2023-10-27T11:00:00.000,90,28,62
1573,2023-10-27T10:00:00.000,90,28,62
1574,2023-10-27T09:00:00.000,150,59,91
1575,2023-10-27T08:00:00.000,217,78,139
1576,2023-10-27T07:00:00.000,137,52,85
1577,2023-10-27T06:00:00.000,58,19,39
1578,2023-10-27T05:00:00.000,20,8,12
1579,2023-10-27T04:00:00.000,4,1,3
1580,2023-10-27T03:00:00.000,2,1,1
1581,2023-10-27T02:00:00.000,2,1,1
1582,2023-10-27T01:00:00.000,4,0,4
1583,2023-10-27T00:00:00.000,5,3,2
1584,2023-10-26T23:00:00.000,14,5,9
1585,2023-10-26T22:00:00.000,31,11,20
1586,2023-10-26T21:00:00.000,52,14,38
1587,2023-10-26T20:00:00.000,73,37,36
1588,2023-10-26T19:00:00.000,116,39,77
1589,2023-10-26T18:00:00.000,266,71,195
1590,2023-10-26T17:00:00.000,487,117,370
1591,2023-10-26T16:00:00.000,345,105,240
1592,2023-10-26T15:00:00.000,180,62,118
1593,2023-10-26T14:00:00.000,128,57,71
1594,2023-10-26T13:00:00.000,103,46,57
1595,2023-10-26T12:00:00.000,97,37,60
1596,2023-10-26T11:00:00.000,81,35,46
1597,2023-10-26T10:00:00.000,116,38,78
1598,2023-10-26T09:00:00.000,229,82,147
1599,2023-10-26T08:00:00.000,382,132,250
1600,2023-10-26T07:00:00.000,246,102,144
1601,2023-10-26T06:00:00.000,71,32,39
1602,2023-10-26T05:00:00.000,30,11,19
1603,2023-10-26T04:00:00.000,9,3,6
1604,2023-10-26T03:00:00.000,2,1,1
1605,2023-10-26T02:00:00.000,2,1,1
1606,2023-10-26T01:00:00.000,5,0,5
1607,2023-10-26T00:00:00.000,6,1,5
1608,2023-10-25T23:00:00.000,13,8,5
1609,2023-10-25T22:00:00.000,28,10,18
1610,2023-10-25T21:00:00.000,37,17,20
1611,2023-10-25T20:00:00.000,70,31,39
1612,2023-10-25T19:00:00.000,79,23,56
1613,2023-10-25T18:00:00.000,257,92,165
1614,2023-10-25T17:00:00.000,435,112,323
1615,2023-10-25T16:00:00.000,296,91,205
1616,2023-10-25T15:00:00.000,188,90,98
1617,2023-10-25T14:00:00.000,120,47,73
1618,2023-10-25T13:00:00.000,82,27,55
1619,2023-10-25T12:00:00.000,90,37,53
1620,2023-10-25T11:00:00.000,67,34,33
1621,2023-10-25T10:00:00.000,107,30,77
1622,2023-10-25T09:00:00.000,177,64,113
1623,2023-10-25T08:00:00.000,324,114,210
1624,2023-10-25T07:00:00.000,179,77,102
1625,2023-10-25T06:00:00.000,53,19,34
1626,2023-10-25T05:00:00.000,16,8,8
1627,2023-10-25T04:00:00.000,3,0,3
1628,2023-10-25T03:00:00.000,1,0,1
1629,2023-10-25T02:00:00.000,1,1,0
1630,2023-10-25T01:00:00.000,7,2,5
1631,2023-10-25T00:00:00.000,5,2,3
1632,2023-10-24T23:00:00.000,5,2,3
1633,2023-10-24T22:00:00.000,12,6,6
1634,2023-10-24T21:00:00.000,22,12,10
1635,2023-10-24T20:00:00.000,39,12,27
1636,2023-10-24T19:00:00.000,60,19,41
1637,2023-10-24T18:00:00.000,154,33,121
1638,2023-10-24T17:00:00.000,349,71,278
1639,2023-10-24T16:00:00.000,209,50,159
1640,2023-10-24T15:00:00.000,135,44,91
1641,2023-10-24T14:00:00.000,98,36,62
1642,2023-10-24T13:00:00.000,77,27,50
1643,2023-10-24T12:00:00.000,93,33,60
1644,2023-10-24T11:00:00.000,65,28,37
1645,2023-10-24T10:00:00.000,91,29,62
1646,2023-10-24T09:00:00.000,206,67,139
1647,2023-10-24T08:00:00.000,363,125,238
1648,2023-10-24T07:00:00.000,231,94,137
1649,2023-10-24T06:00:00.000,90,32,58
1650,2023-10-24T05:00:00.000,19,6,13
1651,2023-10-24T04:00:00.000,7,4,3
1652,2023-10-24T03:00:00.000,3,1,2
1653,2023-10-24T02:00:00.000,4,0,4
1654,2023-10-24T01:00:00.000,4,0,4
1655,2023-10-24T00:00:00.000,4,0,4
1656,2023-10-23T23:00:00.000,19,1,18
1657,2023-10-23T22:00:00.000,32,11,21
1658,2023-10-23T21:00:00.000,44,12,32
1659,2023-10-23T20:00:00.000,54,15,39
1660,2023-10-23T19:00:00.000,72,26,46
1661,2023-10-23T18:00:00.000,234,77,157
1662,2023-10-23T17:00:00.000,431,114,317
1663,2023-10-23T16:00:00.000,244,67,177
1664,2023-10-23T15:00:00.000,170,49,121
1665,2023-10-23T14:00:00.000,86,32,54
1666,2023-10-23T13:00:00.000,68,25,43
1667,2023-10-23T12:00:00.000,81,35,46
1668,2023-10-23T11:00:00.000,66,32,34
1669,2023-10-23T10:00:00.000,95,38,57
1670,2023-10-23T09:00:00.000,202,72,130
1671,2023-10-23T08:00:00.000,372,143,229
1672,2023-10-23T07:00:00.000,225,87,138
1673,2023-10-23T06:00:00.000,100,36,64
1674,2023-10-23T05:00:00.000,20,10,10
1675,2023-10-23T04:00:00.000,6,2,4
1676,2023-10-23T03:00:00.000,0,0,0
1677,2023-10-23T02:00:00.000,2,1,1
1678,2023-10-23T01:00:00.000,5,3,2
1679,2023-10-23T00:00:00.000,11,2,9
1680,2023-10-22T23:00:00.000,13,5,8
1681,2023-10-22T22:00:00.000,12,2,10
1682,2023-10-22T21:00:00.000,17,4,13
1683,2023-10-22T20:00:00.000,29,19,10
1684,2023-10-22T19:00:00.000,44,16,28
1685,2023-10-22T18:00:00.000,70,27,43
1686,2023-10-22T17:00:00.000,144,74,70
1687,2023-10-22T16:00:00.000,135,56,79
1688,2023-10-22T15:00:00.000,150,70,80
1689,2023-10-22T14:00:00.000,122,58,64
1690,2023-10-22T13:00:00.000,103,49,54
1691,2023-10-22T12:00:00.000,131,61,70
1692,2023-10-22T11:00:00.000,92,48,44
1693,2023-10-22T10:00:00.000,118,45,73
1694,2023-10-22T09:00:00.000,66,21,45
1695,2023-10-22T08:00:00.000,43,19,24
1696,2023-10-22T07:00:00.000,12,6,6
1697,2023-10-22T06:00:00.000,12,5,7
1698,2023-10-22T05:00:00.000,3,2,1
1699,2023-10-22T04:00:00.000,1,1,0
1700,2023-10-22T03:00:00.000,4,2,2
1701,2023-10-22T02:00:00.000,9,6,3
1702,2023-10-22T01:00:00.000,10,4,6
1703,2023-10-22T00:00:00.000,22,5,17
1704,2023-10-21T23:00:00.000,54,26,28
1705,2023-10-21T22:00:00.000,33,17,16
1706,2023-10-21T21:00:00.000,59,13,46
1707,2023-10-21T20:00:00.000,37,11,26
1708,2023-10-21T19:00:00.000,102,23,79
1709,2023-10-21T18:00:00.000,92,38,54
1710,2023-10-21T17:00:00.000,138,65,73
1711,2023-10-21T16:00:00.000,144,57,87
1712,2023-10-21T15:00:00.000,139,71,68
1713,2023-10-21T14:00:00.000,151,73,78
1714,2023-10-21T13:00:00.000,163,66,97
1715,2023-10-21T12:00:00.000,140,62,78
1716,2023-10-21T11:00:00.000,131,67,64
1717,2023-10-21T10:00:00.000,114,47,67
1718,2023-10-21T09:00:00.000,89,41,48
1719,2023-10-21T08:00:00.000,64,29,35
1720,2023-10-21T07:00:00.000,29,11,18
1721,2023-10-21T06:00:00.000,12,3,9
1722,2023-10-21T05:00:00.000,6,3,3
1723,2023-10-21T04:00:00.000,7,2,5
1724,2023-10-21T03:00:00.000,2,2,0
1725,2023-10-21T02:00:00.000,9,6,3
1726,2023-10-21T01:00:00.000,19,10,9
1727,2023-10-21T00:00:00.000,15,1,14
1728,2023-10-20T23:00:00.000,40,18,22
1729,2023-10-20T22:00:00.000,38,17,21
1730,2023-10-20T21:00:00.000,180,18,162
1731,2023-10-20T20:00:00.000,53,20,33
1732,2023-10-20T19:00:00.000,89,42,47
1733,2023-10-20T18:00:00.000,196,59,137
1734,2023-10-20T17:00:00.000,331,100,231
1735,2023-10-20T16:00:00.000,283,89,194
1736,2023-10-20T15:00:00.000,214,72,142
1737,2023-10-20T14:00:00.000,161,66,95
1738,2023-10-20T13:00:00.000,123,63,60
1739,2023-10-20T12:00:00.000,100,40,60
1740,2023-10-20T11:00:00.000,86,40,46
1741,2023-10-20T10:00:00.000,97,34,63
1742,2023-10-20T09:00:00.000,156,46,110
1743,2023-10-20T08:00:00.000,249,89,160
1744,2023-10-20T07:00:00.000,166,72,94
1745,2023-10-20T06:00:00.000,63,19,44
1746,2023-10-20T05:00:00.000,20,6,14
1747,2023-10-20T04:00:00.000,7,4,3
1748,2023-10-20T03:00:00.000,3,2,1
1749,2023-10-20T02:00:00.000,2,0,2
1750,2023-10-20T01:00:00.000,3,2,1
1751,2023-10-20T00:00:00.000,21,8,13
1752,2023-10-19T23:00:00.000,24,6,18
1753,2023-10-19T22:00:00.000,57,22,35
1754,2023-10-19T21:00:00.000,52,21,31
1755,2023-10-19T20:00:00.000,57,24,33
1756,2023-10-19T19:00:00.000,130,51,79
1757,2023-10-19T18:00:00.000,322,93,229
1758,2023-10-19T17:00:00.000,566,130,436
1759,2023-10-19T16:00:00.000,394,115,279
1760,2023-10-19T15:00:00.000,240,81,159
1761,2023-10-19T14:00:00.000,144,56,88
1762,2023-10-19T13:00:00.000,130,52,78
1763,2023-10-19T12:00:00.000,110,52,58
1764,2023-10-19T11:00:00.000,114,58,56
1765,2023-10-19T10:00:00.000,133,50,83
1766,2023-10-19T09:00:00.000,253,90,163
1767,2023-10-19T08:00:00.000,450,170,280
1768,2023-10-19T07:00:00.000,268,119,149
1769,2023-10-19T06:00:00.000,103,36,67
1770,2023-10-19T05:00:00.000,31,16,15
1771,2023-10-19T04:00:00.000,7,3,4
1772,2023-10-19T03:00:00.000,4,4,0
1773,2023-10-19T02:00:00.000,3,0,3
1774,2023-10-19T01:00:00.000,8,2,6
1775,2023-10-19T00:00:00.000,10,2,8
1776,2023-10-18T23:00:00.000,31,9,22
1777,2023-10-18T22:00:00.000,35,17,18
1778,2023-10-18T21:00:00.000,55,27,28
1779,2023-10-18T20:00:00.000,83,43,40
1780,2023-10-18T19:00:00.000,138,54,84
1781,2023-10-18T18:00:00.000,372,107,265
1782,2023-10-18T17:00:00.000,636,167,469
1783,2023-10-18T16:00:00.000,477,137,340
1784,2023-10-18T15:00:00.000,305,133,172
1785,2023-10-18T14:00:00.000,209,86,123
1786,2023-10-18T13:00:00.000,144,56,88
1787,2023-10-18T12:00:00.000,150,57,93
1788,2023-10-18T11:00:00.000,127,52,75
1789,2023-10-18T10:00:00.000,163,71,92
1790,2023-10-18T09:00:00.000,288,94,194
1791,2023-10-18T08:00:00.000,460,160,300
1792,2023-10-18T07:00:00.000,276,121,155
1793,2023-10-18T06:00:00.000,98,40,58
1794,2023-10-18T05:00:00.000,18,9,9
1795,2023-10-18T04:00:00.000,6,5,1
1796,2023-10-18T03:00:00.000,4,1,3
1797,2023-10-18T02:00:00.000,0,0,0
1798,2023-10-18T01:00:00.000,5,2,3
1799,2023-10-18T00:00:00.000,10,8,2
1800,2023-10-17T23:00:00.000,11,6,5
1801,2023-10-17T22:00:00.000,37,8,29
1802,2023-10-17T21:00:00.000,38,21,17
1803,2023-10-17T20:00:00.000,42,14,28
1804,2023-10-17T19:00:00.000,79,26,53
1805,2023-10-17T18:00:00.000,247,57,190
1806,2023-10-17T17:00:00.000,425,85,340
1807,2023-10-17T16:00:00.000,313,76,237
1808,2023-10-17T15:00:00.000,220,87,133
1809,2023-10-17T14:00:00.000,132,53,79
1810,2023-10-17T13:00:00.000,90,32,58
1811,2023-10-17T12:00:00.000,89,33,56
1812,2023-10-17T11:00:00.000,103,40,63
1813,2023-10-17T10:00:00.000,106,48,58
1814,2023-10-17T09:00:00.000,251,87,164
1815,2023-10-17T08:00:00.000,426,150,276
1816,2023-10-17T07:00:00.000,275,119,156
1817,2023-10-17T06:00:00.000,101,42,59
1818,2023-10-17T05:00:00.000,21,11,10
1819,2023-10-17T04:00:00.000,9,2,7
1820,2023-10-17T03:00:00.000,2,1,1
1821,2023-10-17T02:00:00.000,3,1,2
1822,2023-10-17T01:00:00.000,4,1,3
1823,2023-10-17T00:00:00.000,2,0,2
1824,2023-10-16T23:00:00.000,13,6,7
1825,2023-10-16T22:00:00.000,13,5,8
1826,2023-10-16T21:00:00.000,30,11,19
1827,2023-10-16T20:00:00.000,49,25,24
1828,2023-10-16T19:00:00.000,66,25,41
1829,2023-10-16T18:00:00.000,145,43,102
1830,2023-10-16T17:00:00.000,253,49,204
1831,2023-10-16T16:00:00.000,159,39,120
1832,2023-10-16T15:00:00.000,92,32,60
1833,2023-10-16T14:00:00.000,58,27,31
1834,2023-10-16T13:00:00.000,45,14,31
1835,2023-10-16T12:00:00.000,49,26,23
1836,2023-10-16T11:00:00.000,26,14,12
1837,2023-10-16T10:00:00.000,36,12,24
1838,2023-10-16T09:00:00.000,93,33,60
1839,2023-10-16T08:00:00.000,229,84,145
1840,2023-10-16T07:00:00.000,175,74,101
1841,2023-10-16T06:00:00.000,79,29,50
1842,2023-10-16T05:00:00.000,22,11,11
1843,2023-10-16T04:00:00.000,7,1,6
1844,2023-10-16T03:00:00.000,3,2,1
1845,2023-10-16T02:00:00.000,4,1,3
1846,2023-10-16T01:00:00.000,3,1,2
1847,2023-10-16T00:00:00.000,7,3,4
1848,2023-10-15T23:00:00.000,6,4,2
1849,2023-10-15T22:00:00.000,13,5,8
1850,2023-10-15T21:00:00.000,16,7,9
1851,2023-10-15T20:00:00.000,24,13,11
1852,2023-10-15T19:00:00.000,35,9,26
1853,2023-10-15T18:00:00.000,47,21,26
1854,2023-10-15T17:00:00.000,64,29,35
1855,2023-10-15T16:00:00.000,104,38,66
1856,2023-10-15T15:00:00.000,115,48,67
1857,2023-10-15T14:00:00.000,142,71,71
1858,2023-10-15T13:00:00.000,143,78,65
1859,2023-10-15T12:00:00.000,159,57,102
1860,2023-10-15T11:00:00.000,166,88,78
1861,2023-10-15T10:00:00.000,123,53,70
1862,2023-10-15T09:00:00.000,93,43,50
1863,2023-10-15T08:00:00.000,57,21,36
1864,2023-10-15T07:00:00.000,15,4,11
1865,2023-10-15T06:00:00.000,14,8,6
1866,2023-10-15T05:00:00.000,6,3,3
1867,2023-10-15T04:00:00.000,4,3,1
1868,2023-10-15T03:00:00.000,6,3,3
1869,2023-10-15T02:00:00.000,7,0,7
1870,2023-10-15T01:00:00.000,19,9,10
1871,2023-10-15T00:00:00.000,8,2,6
1872,2023-10-14T23:00:00.000,20,8,12
1873,2023-10-14T22:00:00.000,29,8,21
1874,2023-10-14T21:00:00.000,39,10,29
1875,2023-10-14T20:00:00.000,34,13,21
1876,2023-10-14T19:00:00.000,67,29,38
1877,2023-10-14T18:00:00.000,94,51,43
1878,2023-10-14T17:00:00.000,148,85,63
1879,2023-10-14T16:00:00.000,102,53,49
1880,2023-10-14T15:00:00.000,123,57,66
1881,2023-10-14T14:00:00.000,138,68,70
1882,2023-10-14T13:00:00.000,134,52,82
1883,2023-10-14T12:00:00.000,173,85,88
1884,2023-10-14T11:00:00.000,147,67,80
1885,2023-10-14T10:00:00.000,133,51,82
1886,2023-10-14T09:00:00.000,87,40,47
1887,2023-10-14T08:00:00.000,82,23,59
1888,2023-10-14T07:00:00.000,33,13,20
1889,2023-10-14T06:00:00.000,18,8,10
1890,2023-10-14T05:00:00.000,8,7,1
1891,2023-10-14T04:00:00.000,0,0,0
1892,2023-10-14T03:00:00.000,1,0,1
1893,2023-10-14T02:00:00.000,6,2,4
1894,2023-10-14T01:00:00.000,7,2,5
1895,2023-10-14T00:00:00.000,11,2,9
1896,2023-10-13T23:00:00.000,19,10,9
1897,2023-10-13T22:00:00.000,17,6,11
1898,2023-10-13T21:00:00.000,33,10,23
1899,2023-10-13T20:00:00.000,37,21,16
1900,2023-10-13T19:00:00.000,75,32,43
1901,2023-10-13T18:00:00.000,206,65,141
1902,2023-10-13T17:00:00.000,387,96,291
1903,2023-10-13T16:00:00.000,291,87,204
1904,2023-10-13T15:00:00.000,224,88,136
1905,2023-10-13T14:00:00.000,171,66,105
1906,2023-10-13T13:00:00.000,127,58,69
1907,2023-10-13T12:00:00.000,147,52,95
1908,2023-10-13T11:00:00.000,95,38,57
1909,2023-10-13T10:00:00.000,96,39,57
1910,2023-10-13T09:00:00.000,184,62,122
1911,2023-10-13T08:00:00.000,241,86,155
1912,2023-10-13T07:00:00.000,157,63,94
1913,2023-10-13T06:00:00.000,65,29,36
1914,2023-10-13T05:00:00.000,18,11,7
1915,2023-10-13T04:00:00.000,6,3,3
1916,2023-10-13T03:00:00.000,5,4,1
1917,2023-10-13T02:00:00.000,3,0,3
1918,2023-10-13T01:00:00.000,5,1,4
1919,2023-10-13T00:00:00.000,6,3,3
1920,2023-10-12T23:00:00.000,22,8,14
1921,2023-10-12T22:00:00.000,40,18,22
1922,2023-10-12T21:00:00.000,53,17,36
1923,2023-10-12T20:00:00.000,77,25,52
1924,2023-10-12T19:00:00.000,112,43,69
1925,2023-10-12T18:00:00.000,353,122,231
1926,2023-10-12T17:00:00.000,591,162,429
1927,2023-10-12T16:00:00.000,388,132,256
1928,2023-10-12T15:00:00.000,241,93,148
1929,2023-10-12T14:00:00.000,156,66,90
1930,2023-10-12T13:00:00.000,133,54,79
1931,2023-10-12T12:00:00.000,102,37,65
1932,2023-10-12T11:00:00.000,98,43,55
1933,2023-10-12T10:00:00.000,124,44,80
1934,2023-10-12T09:00:00.000,254,82,172
1935,2023-10-12T08:00:00.000,409,160,249
1936,2023-10-12T07:00:00.000,247,100,147
1937,2023-10-12T06:00:00.000,110,50,60
1938,2023-10-12T05:00:00.000,24,10,14
1939,2023-10-12T04:00:00.000,12,5,7
1940,2023-10-12T03:00:00.000,3,2,1
1941,2023-10-12T02:00:00.000,3,0,3
1942,2023-10-12T01:00:00.000,4,1,3
1943,2023-10-12T00:00:00.000,7,2,5
1944,2023-10-11T23:00:00.000,14,4,10
1945,2023-10-11T22:00:00.000,26,15,11
1946,2023-10-11T21:00:00.000,34,12,22
1947,2023-10-11T20:00:00.000,55,24,31
1948,2023-10-11T19:00:00.000,103,43,60
1949,2023-10-11T18:00:00.000,249,75,174
1950,2023-10-11T17:00:00.000,393,113,280
1951,2023-10-11T16:00:00.000,206,60,146
1952,2023-10-11T15:00:00.000,132,55,77
1953,2023-10-11T14:00:00.000,79,28,51
1954,2023-10-11T13:00:00.000,53,17,36
1955,2023-10-11T12:00:00.000,65,20,45
1956,2023-10-11T11:00:00.000,67,24,43
1957,2023-10-11T10:00:00.000,71,23,48
1958,2023-10-11T09:00:00.000,148,48,100
1959,2023-10-11T08:00:00.000,290,89,201
1960,2023-10-11T07:00:00.000,162,63,99
1961,2023-10-11T06:00:00.000,61,26,35
1962,2023-10-11T05:00:00.000,13,4,9
1963,2023-10-11T04:00:00.000,5,3,2
1964,2023-10-11T03:00:00.000,2,1,1
1965,2023-10-11T02:00:00.000,5,1,4
1966,2023-10-11T01:00:00.000,3,2,1
1967,2023-10-11T00:00:00.000,8,2,6
1968,2023-10-10T23:00:00.000,10,3,7
1969,2023-10-10T22:00:00.000,17,6,11
1970,2023-10-10T21:00:00.000,10,1,9
1971,2023-10-10T20:00:00.000,51,23,28
1972,2023-10-10T19:00:00.000,64,25,39
1973,2023-10-10T18:00:00.000,192,33,159
1974,2023-10-10T17:00:00.000,347,71,276
1975,2023-10-10T16:00:00.000,226,70,156
1976,2023-10-10T15:00:00.000,143,50,93
1977,2023-10-10T14:00:00.000,51,20,31
1978,2023-10-10T13:00:00.000,36,12,24
1979,2023-10-10T12:00:00.000,50,28,22
1980,2023-10-10T11:00:00.000,53,12,41
1981,2023-10-10T10:00:00.000,71,25,46
1982,2023-10-10T09:00:00.000,153,38,115
1983,2023-10-10T08:00:00.000,332,112,220
1984,2023-10-10T07:00:00.000,207,88,119
1985,2023-10-10T06:00:00.000,73,28,45
1986,2023-10-10T05:00:00.000,15,5,10
1987,2023-10-10T04:00:00.000,10,3,7
1988,2023-10-10T03:00:00.000,4,3,1
1989,2023-10-10T02:00:00.000,0,0,0
1990,2023-10-10T01:00:00.000,5,3,2
1991,2023-10-10T00:00:00.000,5,1,4
1992,2023-10-09T23:00:00.000,10,4,6
1993,2023-10-09T22:00:00.000,24,7,17
1994,2023-10-09T21:00:00.000,37,17,20
1995,2023-10-09T20:00:00.000,50,19,31
1996,2023-10-09T19:00:00.000,75,20,55
1997,2023-10-09T18:00:00.000,195,52,143
1998,2023-10-09T17:00:00.000,313,66,247
1999,2023-10-09T16:00:00.000,205,56,149
2000,2023-10-09T15:00:00.000,117,43,74
2001,2023-10-09T14:00:00.000,61,23,38
2002,2023-10-09T13:00:00.000,74,32,42
2003,2023-10-09T12:00:00.000,80,33,47
2004,2023-10-09T11:00:00.000,79,29,50
2005,2023-10-09T10:00:00.000,108,42,66
2006,2023-10-09T09:00:00.000,199,69,130
2007,2023-10-09T08:00:00.000,295,89,206
2008,2023-10-09T07:00:00.000,194,71,123
2009,2023-10-09T06:00:00.000,77,26,51
2010,2023-10-09T05:00:00.000,18,7,11
2011,2023-10-09T04:00:00.000,6,2,4
2012,2023-10-09T03:00:00.000,7,3,4
2013,2023-10-09T02:00:00.000,4,1,3
2014,2023-10-09T01:00:00.000,4,1,3
2015,2023-10-09T00:00:00.000,2,0,2
2016,2023-10-08T23:00:00.000,14,8,6
2017,2023-10-08T22:00:00.000,27,9,18
2018,2023-10-08T21:00:00.000,25,5,20
2019,2023-10-08T20:00:00.000,41,18,23
2020,2023-10-08T19:00:00.000,73,33,40
2021,2023-10-08T18:00:00.000,127,62,65
2022,2023-10-08T17:00:00.000,198,89,109
2023,2023-10-08T16:00:00.000,236,118,118
2024,2023-10-08T15:00:00.000,228,106,122
2025,2023-10-08T14:00:00.000,230,113,117
2026,2023-10-08T13:00:00.000,214,89,125
2027,2023-10-08T12:00:00.000,204,100,104
2028,2023-10-08T11:00:00.000,143,70,73
2029,2023-10-08T10:00:00.000,126,62,64
2030,2023-10-08T09:00:00.000,78,23,55
2031,2023-10-08T08:00:00.000,56,19,37
2032,2023-10-08T07:00:00.000,34,14,20
2033,2023-10-08T06:00:00.000,8,4,4
2034,2023-10-08T05:00:00.000,6,3,3
2035,2023-10-08T04:00:00.000,5,1,4
2036,2023-10-08T03:00:00.000,4,1,3
2037,2023-10-08T02:00:00.000,6,2,4
2038,2023-10-08T01:00:00.000,20,7,13
2039,2023-10-08T00:00:00.000,18,7,11
2040,2023-10-07T23:00:00.000,60,13,47
2041,2023-10-07T22:00:00.000,54,12,42
2042,2023-10-07T21:00:00.000,79,19,60
2043,2023-10-07T20:00:00.000,38,19,19
2044,2023-10-07T19:00:00.000,157,47,110
2045,2023-10-07T18:00:00.000,153,78,75
2046,2023-10-07T17:00:00.000,210,94,116
2047,2023-10-07T16:00:00.000,265,129,136
2048,2023-10-07T15:00:00.000,322,142,180
2049,2023-10-07T14:00:00.000,274,144,130
2050,2023-10-07T13:00:00.000,260,112,148
2051,2023-10-07T12:00:00.000,225,75,150
2052,2023-10-07T11:00:00.000,205,90,115
2053,2023-10-07T10:00:00.000,177,63,114
2054,2023-10-07T09:00:00.000,125,46,79
2055,2023-10-07T08:00:00.000,84,41,43
2056,2023-10-07T07:00:00.000,40,19,21
2057,2023-10-07T06:00:00.000,13,3,10
2058,2023-10-07T05:00:00.000,3,3,0
2059,2023-10-07T04:00:00.000,3,2,1
2060,2023-10-07T03:00:00.000,4,2,2
2061,2023-10-07T02:00:00.000,11,2,9
2062,2023-10-07T01:00:00.000,14,2,12
2063,2023-10-07T00:00:00.000,32,15,17
2064,2023-10-06T23:00:00.000,58,14,44
2065,2023-10-06T22:00:00.000,49,17,32
2066,2023-10-06T21:00:00.000,62,23,39
2067,2023-10-06T20:00:00.000,83,31,52
2068,2023-10-06T19:00:00.000,139,68,71
2069,2023-10-06T18:00:00.000,316,114,202
2070,2023-10-06T17:00:00.000,428,139,289
2071,2023-10-06T16:00:00.000,413,156,257
2072,2023-10-06T15:00:00.000,257,86,171
2073,2023-10-06T14:00:00.000,177,81,96
2074,2023-10-06T13:00:00.000,158,61,97
2075,2023-10-06T12:00:00.000,147,66,81
2076,2023-10-06T11:00:00.000,133,59,74
2077,2023-10-06T10:00:00.000,125,44,81
2078,2023-10-06T09:00:00.000,175,62,113
2079,2023-10-06T08:00:00.000,272,97,175
2080,2023-10-06T07:00:00.000,176,77,99
2081,2023-10-06T06:00:00.000,63,27,36
2082,2023-10-06T05:00:00.000,24,8,16
2083,2023-10-06T04:00:00.000,6,4,2
2084,2023-10-06T03:00:00.000,3,2,1
2085,2023-10-06T02:00:00.000,6,4,2
2086,2023-10-06T01:00:00.000,4,3,1
2087,2023-10-06T00:00:00.000,11,5,6
2088,2023-10-05T23:00:00.000,25,6,19
2089,2023-10-05T22:00:00.000,39,14,25
2090,2023-10-05T21:00:00.000,68,24,44
2091,2023-10-05T20:00:00.000,90,34,56
2092,2023-10-05T19:00:00.000,162,59,103
2093,2023-10-05T18:00:00.000,363,129,234
2094,2023-10-05T17:00:00.000,610,174,436
2095,2023-10-05T16:00:00.000,401,133,268
2096,2023-10-05T15:00:00.000,237,81,156
2097,2023-10-05T14:00:00.000,146,58,88
2098,2023-10-05T13:00:00.000,125,39,86
2099,2023-10-05T12:00:00.000,127,53,74
2100,2023-10-05T11:00:00.000,111,47,64
2101,2023-10-05T10:00:00.000,171,53,118
2102,2023-10-05T09:00:00.000,273,91,182
2103,2023-10-05T08:00:00.000,459,166,293
2104,2023-10-05T07:00:00.000,291,115,176
2105,2023-10-05T06:00:00.000,95,40,55
2106,2023-10-05T05:00:00.000,27,10,17
2107,2023-10-05T04:00:00.000,8,4,4
2108,2023-10-05T03:00:00.000,3,2,1
2109,2023-10-05T02:00:00.000,3,1,2
2110,2023-10-05T01:00:00.000,7,3,4
2111,2023-10-05T00:00:00.000,10,2,8
2112,2023-10-04T23:00:00.000,39,13,26
2113,2023-10-04T22:00:00.000,57,16,41
2114,2023-10-04T21:00:00.000,40,17,23
2115,2023-10-04T20:00:00.000,73,33,40
2116,2023-10-04T19:00:00.000,151,58,93
2117,2023-10-04T18:00:00.000,380,116,264
2118,2023-10-04T17:00:00.000,594,171,423
2119,2023-10-04T16:00:00.000,419,121,298
2120,2023-10-04T15:00:00.000,235,105,130
2121,2023-10-04T14:00:00.000,120,40,80
2122,2023-10-04T13:00:00.000,103,38,65
2123,2023-10-04T12:00:00.000,111,39,72
2124,2023-10-04T11:00:00.000,120,44,76
2125,2023-10-04T10:00:00.000,132,49,83
2126,2023-10-04T09:00:00.000,283,93,190
2127,2023-10-04T08:00:00.000,444,142,302
2128,2023-10-04T07:00:00.000,281,114,167
2129,2023-10-04T06:00:00.000,96,38,58
2130,2023-10-04T05:00:00.000,23,16,7
2131,2023-10-04T04:00:00.000,5,5,0
2132,2023-10-04T03:00:00.000,3,2,1
2133,2023-10-04T02:00:00.000,2,1,1
2134,2023-10-04T01:00:00.000,12,3,9
2135,2023-10-04T00:00:00.000,6,2,4
2136,2023-10-03T23:00:00.000,16,5,11
2137,2023-10-03T22:00:00.000,24,11,13
2138,2023-10-03T21:00:00.000,31,13,18
2139,2023-10-03T20:00:00.000,81,33,48
2140,2023-10-03T19:00:00.000,150,49,101
2141,2023-10-03T18:00:00.000,354,96,258
2142,2023-10-03T17:00:00.000,531,137,394
2143,2023-10-03T16:00:00.000,398,112,286
2144,2023-10-03T15:00:00.000,220,65,155
2145,2023-10-03T14:00:00.000,135,46,89
2146,2023-10-03T13:00:00.000,102,45,57
2147,2023-10-03T12:00:00.000,92,42,50
2148,2023-10-03T11:00:00.000,106,43,63
2149,2023-10-03T10:00:00.000,122,37,85
2150,2023-10-03T09:00:00.000,247,83,164
2151,2023-10-03T08:00:00.000,482,172,310
2152,2023-10-03T07:00:00.000,277,107,170
2153,2023-10-03T06:00:00.000,115,42,73
2154,2023-10-03T05:00:00.000,22,12,10
2155,2023-10-03T04:00:00.000,9,3,6
2156,2023-10-03T03:00:00.000,6,2,4
2157,2023-10-03T02:00:00.000,1,0,1
2158,2023-10-03T01:00:00.000,4,2,2
2159,2023-10-03T00:00:00.000,6,0,6
2160,2023-10-02T23:00:00.000,10,6,4
2161,2023-10-02T22:00:00.000,12,7,5
2162,2023-10-02T21:00:00.000,30,13,17
2163,2023-10-02T20:00:00.000,36,14,22
2164,2023-10-02T19:00:00.000,56,17,39
2165,2023-10-02T18:00:00.000,143,46,97
2166,2023-10-02T17:00:00.000,298,49,249
2167,2023-10-02T16:00:00.000,180,39,141
2168,2023-10-02T15:00:00.000,97,37,60
2169,2023-10-02T14:00:00.000,59,19,40
2170,2023-10-02T13:00:00.000,55,24,31
2171,2023-10-02T12:00:00.000,41,17,24
2172,2023-10-02T11:00:00.000,59,21,38
2173,2023-10-02T10:00:00.000,80,32,48
2174,2023-10-02T09:00:00.000,185,57,128
2175,2023-10-02T08:00:00.000,283,91,192
2176,2023-10-02T07:00:00.000,189,78,111
2177,2023-10-02T06:00:00.000,81,25,56
2178,2023-10-02T05:00:00.000,21,8,13
2179,2023-10-02T04:00:00.000,5,2,3
2180,2023-10-02T03:00:00.000,6,5,1
2181,2023-10-02T02:00:00.000,4,1,3
2182,2023-10-02T01:00:00.000,2,0,2
2183,2023-10-02T00:00:00.000,5,3,2
2184,2023-10-01T23:00:00.000,14,6,8
2185,2023-10-01T22:00:00.000,20,7,13
2186,2023-10-01T21:00:00.000,28,15,13
2187,2023-10-01T20:00:00.000,45,10,35
2188,2023-10-01T19:00:00.000,63,38,25
2189,2023-10-01T18:00:00.000,154,67,87
2190,2023-10-01T17:00:00.000,199,96,103
2191,2023-10-01T16:00:00.000,218,74,144
2192,2023-10-01T15:00:00.000,223,96,127
2193,2023-10-01T14:00:00.000,257,116,141
2194,2023-10-01T13:00:00.000,199,73,126
2195,2023-10-01T12:00:00.000,221,121,100
2196,2023-10-01T11:00:00.000,185,88,97
2197,2023-10-01T10:00:00.000,129,49,80
2198,2023-10-01T09:00:00.000,99,34,65
2199,2023-10-01T08:00:00.000,63,26,37
2200,2023-10-01T07:00:00.000,38,12,26
2201,2023-10-01T06:00:00.000,15,7,8
2202,2023-10-01T05:00:00.000,4,2,2
2203,2023-10-01T04:00:00.000,1,1,0
2204,2023-10-01T03:00:00.000,6,5,1
2205,2023-10-01T02:00:00.000,2,2,0
2206,2023-10-01T01:00:00.000,8,4,4
2207,2023-10-01T00:00:00.000,8,5,3
2208,2023-09-30T23:00:00.000,25,7,18
2209,2023-09-30T22:00:00.000,41,16,25
2210,2023-09-30T21:00:00.000,73,30,43
2211,2023-09-30T20:00:00.000,55,22,33
2212,2023-09-30T19:00:00.000,111,31,80
2213,2023-09-30T18:00:00.000,155,71,84
2214,2023-09-30T17:00:00.000,186,80,106
2215,2023-09-30T16:00:00.000,215,80,135
2216,2023-09-30T15:00:00.000,251,125,126
2217,2023-09-30T14:00:00.000,213,99,114
2218,2023-09-30T13:00:00.000,159,69,90
2219,2023-09-30T12:00:00.000,161,80,81
2220,2023-09-30T11:00:00.000,131,61,70
2221,2023-09-30T10:00:00.000,137,82,55
2222,2023-09-30T09:00:00.000,96,46,50
2223,2023-09-30T08:00:00.000,90,27,63
2224,2023-09-30T07:00:00.000,26,9,17
2225,2023-09-30T06:00:00.000,8,4,4
2226,2023-09-30T05:00:00.000,5,2,3
2227,2023-09-30T04:00:00.000,4,1,3
2228,2023-09-30T03:00:00.000,3,1,2
2229,2023-09-30T02:00:00.000,5,4,1
2230,2023-09-30T01:00:00.000,17,10,7
2231,2023-09-30T00:00:00.000,20,8,12
2232,2023-09-29T23:00:00.000,43,18,25
2233,2023-09-29T22:00:00.000,46,15,31
2234,2023-09-29T21:00:00.000,52,22,30
2235,2023-09-29T20:00:00.000,41,18,23
2236,2023-09-29T19:00:00.000,122,46,76
2237,2023-09-29T18:00:00.000,248,94,154
2238,2023-09-29T17:00:00.000,386,116,270
2239,2023-09-29T16:00:00.000,330,110,220
2240,2023-09-29T15:00:00.000,209,81,128
2241,2023-09-29T14:00:00.000,175,80,95
2242,2023-09-29T13:00:00.000,124,53,71
2243,2023-09-29T12:00:00.000,132,50,82
2244,2023-09-29T11:00:00.000,123,55,68
2245,2023-09-29T10:00:00.000,114,38,76
2246,2023-09-29T09:00:00.000,175,68,107
2247,2023-09-29T08:00:00.000,287,98,189
2248,2023-09-29T07:00:00.000,178,76,102
2249,2023-09-29T06:00:00.000,69,24,45
2250,2023-09-29T05:00:00.000,16,6,10
2251,2023-09-29T04:00:00.000,3,1,2
2252,2023-09-29T03:00:00.000,1,1,0
2253,2023-09-29T02:00:00.000,6,4,2
2254,2023-09-29T01:00:00.000,4,1,3
2255,2023-09-29T00:00:00.000,8,1,7
2256,2023-09-28T23:00:00.000,16,4,12
2257,2023-09-28T22:00:00.000,33,14,19
2258,2023-09-28T21:00:00.000,34,10,24
2259,2023-09-28T20:00:00.000,46,22,24
2260,2023-09-28T19:00:00.000,101,32,69
2261,2023-09-28T18:00:00.000,210,57,153
2262,2023-09-28T17:00:00.000,383,77,306
2263,2023-09-28T16:00:00.000,263,78,185
2264,2023-09-28T15:00:00.000,146,54,92
2265,2023-09-28T14:00:00.000,62,25,37
2266,2023-09-28T13:00:00.000,53,23,30
2267,2023-09-28T12:00:00.000,83,31,52
2268,2023-09-28T11:00:00.000,81,43,38
2269,2023-09-28T10:00:00.000,97,35,62
2270,2023-09-28T09:00:00.000,205,72,133
2271,2023-09-28T08:00:00.000,357,131,226
2272,2023-09-28T07:00:00.000,206,81,125
2273,2023-09-28T06:00:00.000,68,24,44
2274,2023-09-28T05:00:00.000,16,7,9
2275,2023-09-28T04:00:00.000,7,4,3
2276,2023-09-28T03:00:00.000,4,2,2
2277,2023-09-28T02:00:00.000,1,0,1
2278,2023-09-28T01:00:00.000,6,3,3
2279,2023-09-28T00:00:00.000,7,2,5
2280,2023-09-27T23:00:00.000,13,5,8
2281,2023-09-27T22:00:00.000,33,7,26
2282,2023-09-27T21:00:00.000,34,13,21
2283,2023-09-27T20:00:00.000,48,13,35
2284,2023-09-27T19:00:00.000,74,38,36
2285,2023-09-27T18:00:00.000,191,64,127
2286,2023-09-27T17:00:00.000,281,71,210
2287,2023-09-27T16:00:00.000,173,41,132
2288,2023-09-27T15:00:00.000,102,38,64
2289,2023-09-27T14:00:00.000,73,23,50
2290,2023-09-27T13:00:00.000,51,24,27
2291,2023-09-27T12:00:00.000,56,21,35
2292,2023-09-27T11:00:00.000,53,20,33
2293,2023-09-27T10:00:00.000,51,7,44
2294,2023-09-27T09:00:00.000,102,29,73
2295,2023-09-27T08:00:00.000,229,83,146
2296,2023-09-27T07:00:00.000,160,58,102
2297,2023-09-27T06:00:00.000,60,23,37
2298,2023-09-27T05:00:00.000,16,8,8
2299,2023-09-27T04:00:00.000,6,4,2
2300,2023-09-27T03:00:00.000,2,0,2
2301,2023-09-27T02:00:00.000,3,0,3
2302,2023-09-27T01:00:00.000,3,0,3
2303,2023-09-27T00:00:00.000,9,3,6
2304,2023-09-26T23:00:00.000,11,6,5
2305,2023-09-26T22:00:00.000,32,8,24
2306,2023-09-26T21:00:00.000,27,13,14
2307,2023-09-26T20:00:00.000,50,20,30
2308,2023-09-26T19:00:00.000,88,34,54
2309,2023-09-26T18:00:00.000,215,60,155
2310,2023-09-26T17:00:00.000,428,99,329
2311,2023-09-26T16:00:00.000,239,59,180
2312,2023-09-26T15:00:00.000,153,48,105
2313,2023-09-26T14:00:00.000,57,21,36
2314,2023-09-26T13:00:00.000,43,17,26
2315,2023-09-26T12:00:00.000,79,33,46
2316,2023-09-26T11:00:00.000,85,34,51
2317,2023-09-26T10:00:00.000,106,41,65
2318,2023-09-26T09:00:00.000,236,73,163
2319,2023-09-26T08:00:00.000,418,168,250
2320,2023-09-26T07:00:00.000,234,91,143
2321,2023-09-26T06:00:00.000,86,34,52
2322,2023-09-26T05:00:00.000,18,9,9
2323,2023-09-26T04:00:00.000,10,4,6
2324,2023-09-26T03:00:00.000,3,2,1
2325,2023-09-26T02:00:00.000,2,0,2
2326,2023-09-26T01:00:00.000,4,1,3
2327,2023-09-26T00:00:00.000,4,0,4
2328,2023-09-25T23:00:00.000,12,6,6
2329,2023-09-25T22:00:00.000,14,5,9
2330,2023-09-25T21:00:00.000,16,6,10
2331,2023-09-25T20:00:00.000,17,9,8
2332,2023-09-25T19:00:00.000,50,22,28
2333,2023-09-25T18:00:00.000,134,39,95
2334,2023-09-25T17:00:00.000,230,51,179
2335,2023-09-25T16:00:00.000,177,41,136
2336,2023-09-25T15:00:00.000,95,30,65
2337,2023-09-25T14:00:00.000,40,18,22
2338,2023-09-25T13:00:00.000,23,7,16
2339,2023-09-25T12:00:00.000,31,12,19
2340,2023-09-25T11:00:00.000,41,13,28
2341,2023-09-25T10:00:00.000,44,12,32
2342,2023-09-25T09:00:00.000,107,39,68
2343,2023-09-25T08:00:00.000,244,76,168
2344,2023-09-25T07:00:00.000,143,51,92
2345,2023-09-25T06:00:00.000,48,25,23
2346,2023-09-25T05:00:00.000,15,7,8
2347,2023-09-25T04:00:00.000,4,3,1
2348,2023-09-25T03:00:00.000,3,1,2
2349,2023-09-25T02:00:00.000,0,0,0
2350,2023-09-25T01:00:00.000,1,0,1
2351,2023-09-25T00:00:00.000,1,1,0
2352,2023-09-24T23:00:00.000,6,4,2
2353,2023-09-24T22:00:00.000,8,2,6
2354,2023-09-24T21:00:00.000,17,6,11
2355,2023-09-24T20:00:00.000,12,6,6
2356,2023-09-24T19:00:00.000,38,23,15
2357,2023-09-24T18:00:00.000,37,17,20
2358,2023-09-24T17:00:00.000,76,35,41
2359,2023-09-24T16:00:00.000,101,50,51
2360,2023-09-24T15:00:00.000,121,69,52
2361,2023-09-24T14:00:00.000,190,81,109
2362,2023-09-24T13:00:00.000,155,67,88
2363,2023-09-24T12:00:00.000,151,66,85
2364,2023-09-24T11:00:00.000,183,88,95
2365,2023-09-24T10:00:00.000,140,64,76
2366,2023-09-24T09:00:00.000,97,50,47
2367,2023-09-24T08:00:00.000,65,25,40
2368,2023-09-24T07:00:00.000,26,12,14
2369,2023-09-24T06:00:00.000,6,4,2
2370,2023-09-24T05:00:00.000,5,2,3
2371,2023-09-24T04:00:00.000,2,0,2
2372,2023-09-24T03:00:00.000,1,1,0
2373,2023-09-24T02:00:00.000,5,2,3
2374,2023-09-24T01:00:00.000,10,1,9
2375,2023-09-24T00:00:00.000,10,6,4
2376,2023-09-23T23:00:00.000,29,14,15
2377,2023-09-23T22:00:00.000,36,18,18
2378,2023-09-23T21:00:00.000,56,21,35
2379,2023-09-23T20:00:00.000,27,13,14
2380,2023-09-23T19:00:00.000,50,24,26
2381,2023-09-23T18:00:00.000,91,40,51
2382,2023-09-23T17:00:00.000,90,41,49
2383,2023-09-23T16:00:00.000,74,30,44
2384,2023-09-23T15:00:00.000,87,37,50
2385,2023-09-23T14:00:00.000,83,33,50
2386,2023-09-23T13:00:00.000,138,56,82
2387,2023-09-23T12:00:00.000,156,74,82
2388,2023-09-23T11:00:00.000,188,77,111
2389,2023-09-23T10:00:00.000,133,61,72
2390,2023-09-23T09:00:00.000,97,44,53
2391,2023-09-23T08:00:00.000,73,35,38
2392,2023-09-23T07:00:00.000,42,12,30
2393,2023-09-23T06:00:00.000,14,5,9
2394,2023-09-23T05:00:00.000,7,3,4
2395,2023-09-23T04:00:00.000,1,0,1
2396,2023-09-23T03:00:00.000,4,2,2
2397,2023-09-23T02:00:00.000,15,5,10
2398,2023-09-23T01:00:00.000,22,5,17
2399,2023-09-23T00:00:00.000,23,9,14
2400,2023-09-22T23:00:00.000,43,16,27
2401,2023-09-22T22:00:00.000,65,32,33
2402,2023-09-22T21:00:00.000,90,40,50
2403,2023-09-22T20:00:00.000,114,50,64
2404,2023-09-22T19:00:00.000,191,75,116
2405,2023-09-22T18:00:00.000,347,141,206
2406,2023-09-22T17:00:00.000,478,169,309
2407,2023-09-22T16:00:00.000,389,126,263
2408,2023-09-22T15:00:00.000,290,114,176
2409,2023-09-22T14:00:00.000,192,75,117
2410,2023-09-22T13:00:00.000,159,68,91
2411,2023-09-22T12:00:00.000,163,81,82
2412,2023-09-22T11:00:00.000,129,53,76
2413,2023-09-22T10:00:00.000,140,56,84
2414,2023-09-22T09:00:00.000,205,80,125
2415,2023-09-22T08:00:00.000,302,116,186
2416,2023-09-22T07:00:00.000,212,82,130
2417,2023-09-22T06:00:00.000,93,34,59
2418,2023-09-22T05:00:00.000,20,9,11
2419,2023-09-22T04:00:00.000,5,3,2
2420,2023-09-22T03:00:00.000,2,0,2
2421,2023-09-22T02:00:00.000,2,2,0
2422,2023-09-22T01:00:00.000,9,2,7
2423,2023-09-22T00:00:00.000,11,2,9
2424,2023-09-21T23:00:00.000,22,9,13
2425,2023-09-21T22:00:00.000,37,15,22
2426,2023-09-21T21:00:00.000,65,26,39
2427,2023-09-21T20:00:00.000,107,41,66
2428,2023-09-21T19:00:00.000,202,76,126
2429,2023-09-21T18:00:00.000,389,133,256
2430,2023-09-21T17:00:00.000,634,156,478
2431,2023-09-21T16:00:00.000,454,121,333
2432,2023-09-21T15:00:00.000,225,76,149
2433,2023-09-21T14:00:00.000,149,69,80
2434,2023-09-21T13:00:00.000,126,52,74
2435,2023-09-21T12:00:00.000,123,51,72
2436,2023-09-21T11:00:00.000,118,46,72
2437,2023-09-21T10:00:00.000,154,51,103
2438,2023-09-21T09:00:00.000,265,88,177
2439,2023-09-21T08:00:00.000,507,176,331
2440,2023-09-21T07:00:00.000,274,104,170
2441,2023-09-21T06:00:00.000,122,43,79
2442,2023-09-21T05:00:00.000,27,11,16
2443,2023-09-21T04:00:00.000,9,4,5
2444,2023-09-21T03:00:00.000,4,2,2
2445,2023-09-21T02:00:00.000,6,1,5
2446,2023-09-21T01:00:00.000,8,4,4
2447,2023-09-21T00:00:00.000,15,4,11
2448,2023-09-20T23:00:00.000,26,8,18
2449,2023-09-20T22:00:00.000,40,11,29
2450,2023-09-20T21:00:00.000,50,29,21
2451,2023-09-20T20:00:00.000,95,46,49
2452,2023-09-20T19:00:00.000,175,66,109
2453,2023-09-20T18:00:00.000,346,109,237
2454,2023-09-20T17:00:00.000,509,146,363
2455,2023-09-20T16:00:00.000,319,93,226
2456,2023-09-20T15:00:00.000,172,61,111
2457,2023-09-20T14:00:00.000,102,38,64
2458,2023-09-20T13:00:00.000,90,41,49
2459,2023-09-20T12:00:00.000,109,37,72
2460,2023-09-20T11:00:00.000,89,43,46
2461,2023-09-20T10:00:00.000,171,37,134
2462,2023-09-20T09:00:00.000,220,91,129
2463,2023-09-20T08:00:00.000,349,123,226
2464,2023-09-20T07:00:00.000,216,80,136
2465,2023-09-20T06:00:00.000,59,28,31
2466,2023-09-20T05:00:00.000,18,10,8
2467,2023-09-20T04:00:00.000,4,3,1
2468,2023-09-20T03:00:00.000,4,1,3
2469,2023-09-20T02:00:00.000,2,1,1
2470,2023-09-20T01:00:00.000,2,0,2
2471,2023-09-20T00:00:00.000,5,1,4
2472,2023-09-19T23:00:00.000,14,6,8
2473,2023-09-19T22:00:00.000,30,10,20
2474,2023-09-19T21:00:00.000,46,16,30
2475,2023-09-19T20:00:00.000,91,44,47
2476,2023-09-19T19:00:00.000,197,78,119
2477,2023-09-19T18:00:00.000,421,129,292
2478,2023-09-19T17:00:00.000,672,186,486
2479,2023-09-19T16:00:00.000,441,121,320
2480,2023-09-19T15:00:00.000,230,77,153
2481,2023-09-19T14:00:00.000,141,57,84
2482,2023-09-19T13:00:00.000,112,45,67
2483,2023-09-19T12:00:00.000,117,40,77
2484,2023-09-19T11:00:00.000,113,45,68
2485,2023-09-19T10:00:00.000,143,47,96
2486,2023-09-19T09:00:00.000,291,99,192
2487,2023-09-19T08:00:00.000,529,202,327
2488,2023-09-19T07:00:00.000,331,124,207
2489,2023-09-19T06:00:00.000,129,54,75
2490,2023-09-19T05:00:00.000,33,16,17
2491,2023-09-19T04:00:00.000,7,0,7
2492,2023-09-19T03:00:00.000,4,2,2
2493,2023-09-19T02:00:00.000,1,0,1
2494,2023-09-19T01:00:00.000,4,2,2
2495,2023-09-19T00:00:00.000,9,2,7
2496,2023-09-18T23:00:00.000,13,4,9
2497,2023-09-18T22:00:00.000,16,7,9
2498,2023-09-18T21:00:00.000,50,25,25
2499,2023-09-18T20:00:00.000,65,27,38
2500,2023-09-18T19:00:00.000,144,53,91
2501,2023-09-18T18:00:00.000,317,131,186
2502,2023-09-18T17:00:00.000,474,124,350
2503,2023-09-18T16:00:00.000,318,91,227
2504,2023-09-18T15:00:00.000,204,64,140
2505,2023-09-18T14:00:00.000,107,40,67
2506,2023-09-18T13:00:00.000,113,47,66
2507,2023-09-18T12:00:00.000,95,38,57
2508,2023-09-18T11:00:00.000,88,34,54
2509,2023-09-18T10:00:00.000,128,53,75
2510,2023-09-18T09:00:00.000,195,61,134
2511,2023-09-18T08:00:00.000,387,147,240
2512,2023-09-18T07:00:00.000,225,82,143
2513,2023-09-18T06:00:00.000,83,36,47
2514,2023-09-18T05:00:00.000,18,9,9
2515,2023-09-18T04:00:00.000,4,1,3
2516,2023-09-18T03:00:00.000,2,1,1
2517,2023-09-18T02:00:00.000,3,1,2
2518,2023-09-18T01:00:00.000,4,1,3
2519,2023-09-18T00:00:00.000,10,5,5
2520,2023-09-17T23:00:00.000,12,4,8
2521,2023-09-17T22:00:00.000,19,9,10
2522,2023-09-17T21:00:00.000,37,28,9
2523,2023-09-17T20:00:00.000,32,20,12
2524,2023-09-17T19:00:00.000,103,48,55
2525,2023-09-17T18:00:00.000,146,75,71
2526,2023-09-17T17:00:00.000,220,99,121
2527,2023-09-17T16:00:00.000,215,86,129
2528,2023-09-17T15:00:00.000,215,93,122
2529,2023-09-17T14:00:00.000,246,114,132
2530,2023-09-17T13:00:00.000,193,78,115
2531,2023-09-17T12:00:00.000,174,90,84
2532,2023-09-17T11:00:00.000,162,69,93
2533,2023-09-17T10:00:00.000,140,61,79
2534,2023-09-17T09:00:00.000,111,52,59
2535,2023-09-17T08:00:00.000,88,44,44
2536,2023-09-17T07:00:00.000,36,13,23
2537,2023-09-17T06:00:00.000,18,3,15
2538,2023-09-17T05:00:00.000,5,1,4
2539,2023-09-17T04:00:00.000,2,2,0
2540,2023-09-17T03:00:00.000,7,1,6
2541,2023-09-17T02:00:00.000,7,4,3
2542,2023-09-17T01:00:00.000,11,6,5
2543,2023-09-17T00:00:00.000,10,3,7
2544,2023-09-16T23:00:00.000,38,14,24
2545,2023-09-16T22:00:00.000,56,24,32
2546,2023-09-16T21:00:00.000,86,16,70
2547,2023-09-16T20:00:00.000,79,23,56
2548,2023-09-16T19:00:00.000,153,54,99
2549,2023-09-16T18:00:00.000,195,106,89
2550,2023-09-16T17:00:00.000,234,115,119
2551,2023-09-16T16:00:00.000,235,117,118
2552,2023-09-16T15:00:00.000,236,104,132
2553,2023-09-16T14:00:00.000,266,108,158
2554,2023-09-16T13:00:00.000,222,99,123
2555,2023-09-16T12:00:00.000,250,101,149
2556,2023-09-16T11:00:00.000,203,85,118
2557,2023-09-16T10:00:00.000,162,68,94
2558,2023-09-16T09:00:00.000,149,62,87
2559,2023-09-16T08:00:00.000,103,50,53
2560,2023-09-16T07:00:00.000,49,16,33
2561,2023-09-16T06:00:00.000,24,11,13
2562,2023-09-16T05:00:00.000,14,3,11
2563,2023-09-16T04:00:00.000,2,0,2
2564,2023-09-16T03:00:00.000,6,2,4
2565,2023-09-16T02:00:00.000,14,5,9
2566,2023-09-16T01:00:00.000,14,5,9
2567,2023-09-16T00:00:00.000,29,8,21
2568,2023-09-15T23:00:00.000,51,18,33
2569,2023-09-15T22:00:00.000,55,16,39
2570,2023-09-15T21:00:00.000,42,16,26
2571,2023-09-15T20:00:00.000,95,36,59
2572,2023-09-15T19:00:00.000,207,100,107
2573,2023-09-15T18:00:00.000,279,97,182
2574,2023-09-15T17:00:00.000,415,133,282
2575,2023-09-15T16:00:00.000,359,120,239
2576,2023-09-15T15:00:00.000,269,98,171
2577,2023-09-15T14:00:00.000,193,73,120
2578,2023-09-15T13:00:00.000,160,76,84
2579,2023-09-15T12:00:00.000,138,61,77
2580,2023-09-15T11:00:00.000,156,67,89
2581,2023-09-15T10:00:00.000,148,72,76
2582,2023-09-15T09:00:00.000,220,99,121
2583,2023-09-15T08:00:00.000,296,103,193
2584,2023-09-15T07:00:00.000,218,81,137
2585,2023-09-15T06:00:00.000,78,24,54
2586,2023-09-15T05:00:00.000,26,8,18
2587,2023-09-15T04:00:00.000,7,3,4
2588,2023-09-15T03:00:00.000,3,0,3
2589,2023-09-15T02:00:00.000,3,1,2
2590,2023-09-15T01:00:00.000,11,3,8
2591,2023-09-15T00:00:00.000,27,8,19
2592,2023-09-14T23:00:00.000,28,8,20
2593,2023-09-14T22:00:00.000,48,20,28
2594,2023-09-14T21:00:00.000,58,20,38
2595,2023-09-14T20:00:00.000,120,48,72
2596,2023-09-14T19:00:00.000,205,81,124
2597,2023-09-14T18:00:00.000,448,124,324
2598,2023-09-14T17:00:00.000,646,168,478
2599,2023-09-14T16:00:00.000,439,133,306
2600,2023-09-14T15:00:00.000,262,87,175
2601,2023-09-14T14:00:00.000,184,73,111
2602,2023-09-14T13:00:00.000,153,58,95
2603,2023-09-14T12:00:00.000,145,39,106
2604,2023-09-14T11:00:00.000,128,44,84
2605,2023-09-14T10:00:00.000,184,62,122
2606,2023-09-14T09:00:00.000,296,111,185
2607,2023-09-14T08:00:00.000,511,187,324
2608,2023-09-14T07:00:00.000,309,115,194
2609,2023-09-14T06:00:00.000,112,35,77
2610,2023-09-14T05:00:00.000,31,15,16
2611,2023-09-14T04:00:00.000,11,3,8
2612,2023-09-14T03:00:00.000,3,1,2
2613,2023-09-14T02:00:00.000,2,0,2
2614,2023-09-14T01:00:00.000,2,0,2
2615,2023-09-14T00:00:00.000,11,1,10
2616,2023-09-13T23:00:00.000,17,9,8
2617,2023-09-13T22:00:00.000,39,14,25
2618,2023-09-13T21:00:00.000,62,29,33
2619,2023-09-13T20:00:00.000,111,50,61
2620,2023-09-13T19:00:00.000,218,82,136
2621,2023-09-13T18:00:00.000,433,149,284
2622,2023-09-13T17:00:00.000,683,187,496
2623,2023-09-13T16:00:00.000,455,145,310
2624,2023-09-13T15:00:00.000,267,94,173
2625,2023-09-13T14:00:00.000,164,66,98
2626,2023-09-13T13:00:00.000,157,60,97
2627,2023-09-13T12:00:00.000,179,66,113
2628,2023-09-13T11:00:00.000,128,43,85
2629,2023-09-13T10:00:00.000,146,67,79
2630,2023-09-13T09:00:00.000,312,116,196
2631,2023-09-13T08:00:00.000,509,180,329
2632,2023-09-13T07:00:00.000,347,134,213
2633,2023-09-13T06:00:00.000,102,43,59
2634,2023-09-13T05:00:00.000,25,12,13
2635,2023-09-13T04:00:00.000,6,5,1
2636,2023-09-13T03:00:00.000,5,1,4
2637,2023-09-13T02:00:00.000,3,2,1
2638,2023-09-13T01:00:00.000,5,1,4
2639,2023-09-13T00:00:00.000,9,4,5
2640,2023-09-12T23:00:00.000,12,5,7
2641,2023-09-12T22:00:00.000,31,8,23
2642,2023-09-12T21:00:00.000,64,20,44
2643,2023-09-12T20:00:00.000,89,34,55
2644,2023-09-12T19:00:00.000,142,57,85
2645,2023-09-12T18:00:00.000,342,81,261
2646,2023-09-12T17:00:00.000,554,124,430
2647,2023-09-12T16:00:00.000,372,74,298
2648,2023-09-12T15:00:00.000,174,57,117
2649,2023-09-12T14:00:00.000,131,46,85
2650,2023-09-12T13:00:00.000,107,44,63
2651,2023-09-12T12:00:00.000,100,30,70
2652,2023-09-12T11:00:00.000,102,41,61
2653,2023-09-12T10:00:00.000,153,51,102
2654,2023-09-12T09:00:00.000,280,114,166
2655,2023-09-12T08:00:00.000,524,201,323
2656,2023-09-12T07:00:00.000,374,138,236
2657,2023-09-12T06:00:00.000,126,43,83
2658,2023-09-12T05:00:00.000,28,10,18
2659,2023-09-12T04:00:00.000,8,2,6
2660,2023-09-12T03:00:00.000,3,2,1
2661,2023-09-12T02:00:00.000,4,1,3
2662,2023-09-12T01:00:00.000,6,2,4
2663,2023-09-12T00:00:00.000,10,1,9
2664,2023-09-11T23:00:00.000,28,8,20
2665,2023-09-11T22:00:00.000,34,13,21
2666,2023-09-11T21:00:00.000,51,17,34
2667,2023-09-11T20:00:00.000,59,27,32
2668,2023-09-11T19:00:00.000,171,68,103
2669,2023-09-11T18:00:00.000,338,102,236
2670,2023-09-11T17:00:00.000,463,103,360
2671,2023-09-11T16:00:00.000,345,100,245
2672,2023-09-11T15:00:00.000,189,45,144
2673,2023-09-11T14:00:00.000,119,42,77
2674,2023-09-11T13:00:00.000,119,50,69
2675,2023-09-11T12:00:00.000,88,29,59
2676,2023-09-11T11:00:00.000,87,37,50
2677,2023-09-11T10:00:00.000,116,39,77
2678,2023-09-11T09:00:00.000,212,79,133
2679,2023-09-11T08:00:00.000,400,120,280
2680,2023-09-11T07:00:00.000,264,96,168
2681,2023-09-11T06:00:00.000,95,32,63
2682,2023-09-11T05:00:00.000,22,9,13
2683,2023-09-11T04:00:00.000,7,4,3
2684,2023-09-11T03:00:00.000,5,1,4
2685,2023-09-11T02:00:00.000,2,0,2
2686,2023-09-11T01:00:00.000,4,1,3
2687,2023-09-11T00:00:00.000,8,5,3
2688,2023-09-10T23:00:00.000,14,4,10
2689,2023-09-10T22:00:00.000,24,7,17
2690,2023-09-10T21:00:00.000,31,13,18
2691,2023-09-10T20:00:00.000,68,25,43
2692,2023-09-10T19:00:00.000,112,51,61
2693,2023-09-10T18:00:00.000,182,82,100
2694,2023-09-10T17:00:00.000,218,102,116
2695,2023-09-10T16:00:00.000,248,106,142
2696,2023-09-10T15:00:00.000,228,105,123
2697,2023-09-10T14:00:00.000,227,95,132
2698,2023-09-10T13:00:00.000,223,90,133
2699,2023-09-10T12:00:00.000,237,124,113
2700,2023-09-10T11:00:00.000,251,103,148
2701,2023-09-10T10:00:00.000,195,86,109
2702,2023-09-10T09:00:00.000,118,47,71
2703,2023-09-10T08:00:00.000,69,26,43
2704,2023-09-10T07:00:00.000,35,15,20
2705,2023-09-10T06:00:00.000,21,11,10
2706,2023-09-10T05:00:00.000,7,3,4
2707,2023-09-10T04:00:00.000,1,1,0
2708,2023-09-10T03:00:00.000,4,2,2
2709,2023-09-10T02:00:00.000,7,5,2
2710,2023-09-10T01:00:00.000,6,3,3
2711,2023-09-10T00:00:00.000,25,9,16
2712,2023-09-09T23:00:00.000,38,16,22
2713,2023-09-09T22:00:00.000,34,18,16
2714,2023-09-09T21:00:00.000,134,39,95
2715,2023-09-09T20:00:00.000,105,41,64
2716,2023-09-09T19:00:00.000,171,64,107
2717,2023-09-09T18:00:00.000,186,85,101
2718,2023-09-09T17:00:00.000,239,99,140
2719,2023-09-09T16:00:00.000,244,106,138
2720,2023-09-09T15:00:00.000,224,87,137
2721,2023-09-09T14:00:00.000,273,130,143
2722,2023-09-09T13:00:00.000,239,125,114
2723,2023-09-09T12:00:00.000,231,89,142
2724,2023-09-09T11:00:00.000,221,96,125
2725,2023-09-09T10:00:00.000,165,80,85
2726,2023-09-09T09:00:00.000,138,61,77
2727,2023-09-09T08:00:00.000,83,36,47
2728,2023-09-09T07:00:00.000,72,21,51
2729,2023-09-09T06:00:00.000,25,10,15
2730,2023-09-09T05:00:00.000,7,3,4
2731,2023-09-09T04:00:00.000,7,3,4
2732,2023-09-09T03:00:00.000,4,2,2
2733,2023-09-09T02:00:00.000,8,2,6
2734,2023-09-09T01:00:00.000,20,8,12
2735,2023-09-09T00:00:00.000,19,6,13
2736,2023-09-08T23:00:00.000,43,10,33
2737,2023-09-08T22:00:00.000,50,24,26
2738,2023-09-08T21:00:00.000,46,18,28
2739,2023-09-08T20:00:00.000,104,47,57
2740,2023-09-08T19:00:00.000,184,78,106
2741,2023-09-08T18:00:00.000,297,116,181
2742,2023-09-08T17:00:00.000,419,132,287
2743,2023-09-08T16:00:00.000,349,120,229
2744,2023-09-08T15:00:00.000,251,90,161
2745,2023-09-08T14:00:00.000,221,102,119
2746,2023-09-08T13:00:00.000,161,71,90
2747,2023-09-08T12:00:00.000,124,55,69
2748,2023-09-08T11:00:00.000,141,56,85
2749,2023-09-08T10:00:00.000,128,47,81
2750,2023-09-08T09:00:00.000,194,77,117
2751,2023-09-08T08:00:00.000,295,119,176
2752,2023-09-08T07:00:00.000,221,92,129
2753,2023-09-08T06:00:00.000,84,39,45
2754,2023-09-08T05:00:00.000,32,11,21
2755,2023-09-08T04:00:00.000,9,3,6
2756,2023-09-08T03:00:00.000,7,2,5
2757,2023-09-08T02:00:00.000,9,0,9
2758,2023-09-08T01:00:00.000,10,7,3
2759,2023-09-08T00:00:00.000,16,4,12
2760,2023-09-07T23:00:00.000,25,7,18
2761,2023-09-07T22:00:00.000,41,14,27
2762,2023-09-07T21:00:00.000,72,26,46
2763,2023-09-07T20:00:00.000,94,38,56
2764,2023-09-07T19:00:00.000,175,70,105
2765,2023-09-07T18:00:00.000,391,126,265
2766,2023-09-07T17:00:00.000,617,151,466
2767,2023-09-07T16:00:00.000,425,106,319
2768,2023-09-07T15:00:00.000,228,79,149
2769,2023-09-07T14:00:00.000,143,47,96
2770,2023-09-07T13:00:00.000,119,49,70
2771,2023-09-07T12:00:00.000,125,49,76
2772,2023-09-07T11:00:00.000,105,50,55
2773,2023-09-07T10:00:00.000,145,53,92
2774,2023-09-07T09:00:00.000,298,98,200
2775,2023-09-07T08:00:00.000,533,195,338
2776,2023-09-07T07:00:00.000,323,116,207
2777,2023-09-07T06:00:00.000,118,48,70
2778,2023-09-07T05:00:00.000,33,13,20
2779,2023-09-07T04:00:00.000,9,4,5
2780,2023-09-07T03:00:00.000,2,0,2
2781,2023-09-07T02:00:00.000,5,2,3
2782,2023-09-07T01:00:00.000,5,0,5
2783,2023-09-07T00:00:00.000,4,1,3
2784,2023-09-06T23:00:00.000,9,4,5
2785,2023-09-06T22:00:00.000,32,14,18
2786,2023-09-06T21:00:00.000,55,23,32
2787,2023-09-06T20:00:00.000,100,39,61
2788,2023-09-06T19:00:00.000,227,97,130
2789,2023-09-06T18:00:00.000,434,129,305
2790,2023-09-06T17:00:00.000,680,175,505
2791,2023-09-06T16:00:00.000,484,132,352
2792,2023-09-06T15:00:00.000,246,77,169
2793,2023-09-06T14:00:00.000,170,77,93
2794,2023-09-06T13:00:00.000,142,67,75
2795,2023-09-06T12:00:00.000,155,69,86
2796,2023-09-06T11:00:00.000,130,57,73
2797,2023-09-06T10:00:00.000,154,47,107
2798,2023-09-06T09:00:00.000,303,91,212
2799,2023-09-06T08:00:00.000,505,176,329
2800,2023-09-06T07:00:00.000,348,126,222
2801,2023-09-06T06:00:00.000,109,40,69
2802,2023-09-06T05:00:00.000,37,19,18
2803,2023-09-06T04:00:00.000,9,3,6
2804,2023-09-06T03:00:00.000,1,0,1
2805,2023-09-06T02:00:00.000,1,0,1
2806,2023-09-06T01:00:00.000,6,1,5
2807,2023-09-06T00:00:00.000,6,2,4
2808,2023-09-05T23:00:00.000,9,4,5
2809,2023-09-05T22:00:00.000,29,11,18
2810,2023-09-05T21:00:00.000,57,27,30
2811,2023-09-05T20:00:00.000,114,46,68
2812,2023-09-05T19:00:00.000,187,54,133
2813,2023-09-05T18:00:00.000,387,116,271
2814,2023-09-05T17:00:00.000,640,179,461
2815,2023-09-05T16:00:00.000,425,99,326
2816,2023-09-05T15:00:00.000,236,97,139
2817,2023-09-05T14:00:00.000,130,52,78
2818,2023-09-05T13:00:00.000,94,34,60
2819,2023-09-05T12:00:00.000,99,47,52
2820,2023-09-05T11:00:00.000,88,32,56
2821,2023-09-05T10:00:00.000,137,57,80
2822,2023-09-05T09:00:00.000,300,105,195
2823,2023-09-05T08:00:00.000,470,160,310
2824,2023-09-05T07:00:00.000,276,104,172
2825,2023-09-05T06:00:00.000,115,41,74
2826,2023-09-05T05:00:00.000,40,17,23
2827,2023-09-05T04:00:00.000,10,3,7
2828,2023-09-05T03:00:00.000,2,2,0
2829,2023-09-05T02:00:00.000,7,0,7
2830,2023-09-05T01:00:00.000,4,2,2
2831,2023-09-05T00:00:00.000,4,1,3
2832,2023-09-04T23:00:00.000,16,4,12
2833,2023-09-04T22:00:00.000,15,8,7
2834,2023-09-04T21:00:00.000,30,14,16
2835,2023-09-04T20:00:00.000,47,16,31
2836,2023-09-04T19:00:00.000,96,50,46
2837,2023-09-04T18:00:00.000,140,60,80
2838,2023-09-04T17:00:00.000,163,70,93
2839,2023-09-04T16:00:00.000,180,78,102
2840,2023-09-04T15:00:00.000,165,71,94
2841,2023-09-04T14:00:00.000,182,78,104
2842,2023-09-04T13:00:00.000,169,79,90
2843,2023-09-04T12:00:00.000,124,49,75
2844,2023-09-04T11:00:00.000,95,36,59
2845,2023-09-04T10:00:00.000,86,40,46
2846,2023-09-04T09:00:00.000,66,31,35
2847,2023-09-04T08:00:00.000,44,20,24
2848,2023-09-04T07:00:00.000,19,5,14
2849,2023-09-04T06:00:00.000,13,3,10
2850,2023-09-04T05:00:00.000,3,2,1
2851,2023-09-04T04:00:00.000,5,0,5
2852,2023-09-04T03:00:00.000,3,2,1
2853,2023-09-04T02:00:00.000,6,0,6
2854,2023-09-04T01:00:00.000,8,2,6
2855,2023-09-04T00:00:00.000,14,2,12
2856,2023-09-03T23:00:00.000,42,17,25
2857,2023-09-03T22:00:00.000,31,12,19
2858,2023-09-03T21:00:00.000,30,17,13
2859,2023-09-03T20:00:00.000,56,20,36
2860,2023-09-03T19:00:00.000,51,29,22
2861,2023-09-03T18:00:00.000,95,39,56
2862,2023-09-03T17:00:00.000,113,41,72
2863,2023-09-03T16:00:00.000,164,57,107
2864,2023-09-03T15:00:00.000,169,74,95
2865,2023-09-03T14:00:00.000,179,67,112
2866,2023-09-03T13:00:00.000,150,64,86
2867,2023-09-03T12:00:00.000,152,58,94
2868,2023-09-03T11:00:00.000,166,74,92
2869,2023-09-03T10:00:00.000,135,76,59
2870,2023-09-03T09:00:00.000,85,28,57
2871,2023-09-03T08:00:00.000,53,19,34
2872,2023-09-03T07:00:00.000,31,14,17
2873,2023-09-03T06:00:00.000,19,11,8
2874,2023-09-03T05:00:00.000,5,3,2
2875,2023-09-03T04:00:00.000,0,0,0
2876,2023-09-03T03:00:00.000,2,0,2
2877,2023-09-03T02:00:00.000,7,4,3
2878,2023-09-03T01:00:00.000,13,6,7
2879,2023-09-03T00:00:00.000,17,6,11
2880,2023-09-02T23:00:00.000,57,17,40
2881,2023-09-02T22:00:00.000,87,22,65
2882,2023-09-02T21:00:00.000,84,31,53
2883,2023-09-02T20:00:00.000,134,51,83
2884,2023-09-02T19:00:00.000,210,70,140
2885,2023-09-02T18:00:00.000,175,69,106
2886,2023-09-02T17:00:00.000,207,101,106
2887,2023-09-02T16:00:00.000,261,114,147
2888,2023-09-02T15:00:00.000,233,96,137
2889,2023-09-02T14:00:00.000,220,115,105
2890,2023-09-02T13:00:00.000,215,84,131
2891,2023-09-02T12:00:00.000,233,116,117
2892,2023-09-02T11:00:00.000,225,89,136
2893,2023-09-02T10:00:00.000,186,86,100
2894,2023-09-02T09:00:00.000,167,83,84
2895,2023-09-02T08:00:00.000,89,32,57
2896,2023-09-02T07:00:00.000,58,16,42
2897,2023-09-02T06:00:00.000,37,17,20
2898,2023-09-02T05:00:00.000,8,3,5
2899,2023-09-02T04:00:00.000,5,0,5
2900,2023-09-02T03:00:00.000,7,2,5
2901,2023-09-02T02:00:00.000,8,2,6
2902,2023-09-02T01:00:00.000,11,5,6
2903,2023-09-02T00:00:00.000,19,9,10
2904,2023-09-01T23:00:00.000,38,14,24
2905,2023-09-01T22:00:00.000,59,13,46
2906,2023-09-01T21:00:00.000,46,14,32
2907,2023-09-01T20:00:00.000,114,49,65
2908,2023-09-01T19:00:00.000,180,75,105
2909,2023-09-01T18:00:00.000,249,96,153
2910,2023-09-01T17:00:00.000,400,131,269
2911,2023-09-01T16:00:00.000,279,104,175
2912,2023-09-01T15:00:00.000,272,92,180
2913,2023-09-01T14:00:00.000,199,80,119
2914,2023-09-01T13:00:00.000,150,55,95
2915,2023-09-01T12:00:00.000,135,65,70
2916,2023-09-01T11:00:00.000,148,64,84
2917,2023-09-01T10:00:00.000,119,53,66
2918,2023-09-01T09:00:00.000,164,55,109
2919,2023-09-01T08:00:00.000,245,97,148
2920,2023-09-01T07:00:00.000,179,64,115
2921,2023-09-01T06:00:00.000,78,27,51
2922,2023-09-01T05:00:00.000,26,7,19
2923,2023-09-01T04:00:00.000,8,2,6
2924,2023-09-01T03:00:00.000,3,2,1
2925,2023-09-01T02:00:00.000,8,6,2
2926,2023-09-01T01:00:00.000,12,5,7
2927,2023-09-01T00:00:00.000,14,7,7
2928,2023-08-31T23:00:00.000,12,8,4
2929,2023-08-31T22:00:00.000,43,18,25
2930,2023-08-31T21:00:00.000,67,35,32
2931,2023-08-31T20:00:00.000,142,59,83
2932,2023-08-31T19:00:00.000,224,72,152
2933,2023-08-31T18:00:00.000,426,143,283
2934,2023-08-31T17:00:00.000,527,129,398
2935,2023-08-31T16:00:00.000,341,85,256
2936,2023-08-31T15:00:00.000,149,41,108
2937,2023-08-31T14:00:00.000,99,41,58
2938,2023-08-31T13:00:00.000,92,41,51
2939,2023-08-31T12:00:00.000,108,40,68
2940,2023-08-31T11:00:00.000,112,53,59
2941,2023-08-31T10:00:00.000,115,45,70
2942,2023-08-31T09:00:00.000,243,75,168
2943,2023-08-31T08:00:00.000,409,135,274
2944,2023-08-31T07:00:00.000,271,93,178
2945,2023-08-31T06:00:00.000,112,42,70
2946,2023-08-31T05:00:00.000,25,9,16
2947,2023-08-31T04:00:00.000,10,2,8
2948,2023-08-31T03:00:00.000,6,2,4
2949,2023-08-31T02:00:00.000,3,1,2
2950,2023-08-31T01:00:00.000,6,1,5
2951,2023-08-31T00:00:00.000,13,2,11
2952,2023-08-30T23:00:00.000,17,5,12
2953,2023-08-30T22:00:00.000,46,17,29
2954,2023-08-30T21:00:00.000,60,24,36
2955,2023-08-30T20:00:00.000,130,37,93
2956,2023-08-30T19:00:00.000,212,70,142
2957,2023-08-30T18:00:00.000,374,115,259
2958,2023-08-30T17:00:00.000,606,154,452
2959,2023-08-30T16:00:00.000,441,112,329
2960,2023-08-30T15:00:00.000,224,72,152
2961,2023-08-30T14:00:00.000,150,48,102
2962,2023-08-30T13:00:00.000,132,44,88
2963,2023-08-30T12:00:00.000,142,53,89
2964,2023-08-30T11:00:00.000,140,52,88
2965,2023-08-30T10:00:00.000,143,57,86
2966,2023-08-30T09:00:00.000,264,84,180
2967,2023-08-30T08:00:00.000,407,135,272
2968,2023-08-30T07:00:00.000,289,121,168
2969,2023-08-30T06:00:00.000,103,40,63
2970,2023-08-30T05:00:00.000,32,14,18
2971,2023-08-30T04:00:00.000,11,5,6
2972,2023-08-30T03:00:00.000,4,1,3
2973,2023-08-30T02:00:00.000,5,1,4
2974,2023-08-30T01:00:00.000,6,1,5
2975,2023-08-30T00:00:00.000,6,1,5
2976,2023-08-29T23:00:00.000,13,4,9
2977,2023-08-29T22:00:00.000,19,7,12
2978,2023-08-29T21:00:00.000,34,10,24
2979,2023-08-29T20:00:00.000,55,16,39
2980,2023-08-29T19:00:00.000,89,31,58
2981,2023-08-29T18:00:00.000,218,54,164
2982,2023-08-29T17:00:00.000,403,79,324
2983,2023-08-29T16:00:00.000,304,66,238
2984,2023-08-29T15:00:00.000,121,38,83
2985,2023-08-29T14:00:00.000,101,33,68
2986,2023-08-29T13:00:00.000,82,41,41
2987,2023-08-29T12:00:00.000,90,38,52
2988,2023-08-29T11:00:00.000,115,44,71
2989,2023-08-29T10:00:00.000,103,40,63
2990,2023-08-29T09:00:00.000,246,75,171
2991,2023-08-29T08:00:00.000,390,134,256
2992,2023-08-29T07:00:00.000,256,93,163
2993,2023-08-29T06:00:00.000,85,25,60
2994,2023-08-29T05:00:00.000,16,6,10
2995,2023-08-29T04:00:00.000,11,3,8
2996,2023-08-29T03:00:00.000,4,2,2
2997,2023-08-29T02:00:00.000,2,0,2
2998,2023-08-29T01:00:00.000,3,1,2
2999,2023-08-29T00:00:00.000,7,2,5
